# ogni aggiunta/rimozione di peso e all'inizio ho lasciato passare 2 min per stabilizzazione
# 0kg -> 2 kg -> 0kg -> 2kg -> 4kg -> 2kg -> 0kg
# scale = 114
# dt = 1s

0.1
-0.2
-0.2
-0.2
-0.3
-0.3
-0.4
-0.3
-0.4
-0.3
-0.4
-0.4
-0.4
-0.4
-0.4
-0.4
-0.4
-0.5
-0.4
-0.4
-0.5
-0.4
-0.5
-0.5
-0.5
-0.5
-0.5
-0.5
-0.5
-0.5
-0.5
-0.5
-0.5
-0.4
-0.5
-0.6
-0.5
-0.5
-0.5
-0.6
-0.5
-0.6
-0.5
-0.5
-0.6
-0.5
-0.6
-0.6
-0.6
-0.6
-0.6
-0.6
-0.6
-0.6
-0.6
-0.6
-0.6
-0.6
-0.6
-0.6
-0.7
-0.7
-0.6
-0.7
-0.6
-0.7
-0.7
-0.6
-0.7
-0.7
-0.7
-0.7
-0.7
-0.8
-0.8
-0.8
-0.8
-0.8
-0.8
-0.8
-0.8
-0.7
-0.7
-0.8
-0.8
-0.8
-0.8
-0.8
-0.8
-0.8
-0.8
-0.8
-0.8
-0.8
-0.8
-0.9
-0.8
-0.8
-0.9
-0.9
-0.9
-0.9
-0.8
-4.6
-2.3
-2.2
-2.3
-2.2
-2.3
-2.3
-2.3
-2.3
-2.3
-2.3
-2.4
-2.4
-2.4
-2.4
-2.2
-2.3
-2.3
-2.3
-2.4
-2.5
-2.4
-2.4
-2.5
-2.4
-2.4
-2.4
-2.4
-2.4
-2.4
-2.3
-2.4
-2.4
-2.3
-2.4
-2.3
-2.4
-2.3
-2.2
-2.3
-2.2
-2.2
-2.2
-2.2
-2.0
-2.1
-2.2
-2.2
-2.3
-2.2
-2.3
-2.3
-2.3
-2.3
-2.2
-2.2
-2.2
-2.3
-2.3
-2.2
-2.4
-2.3
-2.3
-2.4
-2.3
-2.3
-2.3
-2.3
-2.3
-2.3
-2.3
-2.3
-2.3
-2.3
-2.3
-2.3
-2.2
-2.4
-2.3
-2.3
-2.3
-2.3
-2.3
-2.4
-2.3
-2.3
-2.3
-2.2
-2.3
-2.2
-2.1
-2.2
-2.2
-2.2
-2.3
-2.3
-2.2
-2.3
-2.2
-2.2
-2.3
-2.3
-2.3
-2.3
-0.5
-1.0
0.0
-0.2
-0.3
-0.3
-0.3
-0.4
-0.4
-0.4
-0.4
-0.4
-0.4
-0.4
-0.4
-0.4
-0.4
-0.4
-0.4
-0.4
-0.5
-0.4
-0.4
-0.4
-0.4
-0.4
-0.4
-0.4
-0.4
-0.4
-0.4
-0.4
-0.4
-0.4
-0.4
-0.4
-0.4
-0.4
-0.4
-0.4
-0.4
-0.3
-0.4
-0.4
-0.3
-0.4
-0.4
-0.4
-0.4
-0.4
-0.4
-0.3
-0.4
-0.3
-0.3
-0.3
-0.4
-0.4
-0.4
-0.4
-0.4
-0.4
-0.3
-0.4
-0.3
-0.3
-0.4
-0.4
-0.3
-0.4
-0.4
-0.4
-0.4
-0.4
-0.3
-0.4
-0.4
-0.4
-0.4
-0.3
-0.4
-0.4
-0.3
-0.3
-0.3
-0.3
-0.3
-0.3
-0.3
-0.3
-0.3
-0.4
-0.3
-0.3
-0.3
-0.3
-0.3
-0.4
-0.4
-0.4
-0.3
-0.3
-0.3
-0.3
-0.4
-0.3
-0.3
-0.4
-0.3
-0.4
-0.3
-0.3
-0.3
-0.3
-0.4
-0.4
0.8
-2.2
-2.3
-2.3
-2.4
-2.3
-2.3
-2.4
-2.2
-2.2
-2.3
-2.3
-2.3
-2.3
-2.3
-2.3
-2.2
-2.3
-2.3
-2.2
-2.4
-2.3
-2.3
-2.5
-2.4
-2.3
-2.3
-2.3
-2.4
-2.3
-2.2
-2.3
-2.3
-2.2
-2.3
-2.3
-2.3
-2.3
-2.2
-2.4
-2.4
-2.3
-2.3
-2.3
-2.4
-2.3
-2.3
-2.4
-2.3
-2.4
-2.3
-2.4
-2.4
-2.4
-2.3
-2.3
-2.3
-2.3
-2.3
-2.3
-2.3
-2.3
-2.2
-2.4
-2.1
-2.1
-2.2
-2.2
-2.2
-2.2
-2.3
-2.2
-2.2
-2.3
-2.2
-2.2
-2.2
-2.2
-2.2
-2.2
-2.1
-2.2
-2.2
-2.2
-2.1
-2.2
-2.3
-2.4
-2.3
-2.3
-2.3
-2.3
-2.3
-2.2
-2.2
-2.3
-2.2
-2.3
-2.3
-2.2
-2.2
-2.3
-2.3
-2.3
-2.3
-2.2
-2.4
-2.3
-2.3
-2.3
-2.3
-2.3
-2.2
-2.2
-2.2
-2.3
-2.2
-2.2
-2.3
-2.3
-2.3
-2.3
-2.4
-2.2
-2.3
-2.2
-2.4
-2.2
-2.2
-2.2
-2.1
-2.3
-2.2
-2.3
-2.3
-2.4
-2.3
-2.2
-2.1
-2.2
-2.2
-2.5
-2.4
-2.5
-3.1
-8.0
-7.9
-7.8
-7.8
-7.8
-7.8
-7.7
-7.7
-7.7
-7.7
-7.9
-7.7
-7.7
-7.6
-7.7
-7.6
-7.7
-7.6
-7.8
-7.8
-7.7
-7.8
-7.7
-7.8
-7.6
-7.7
-7.7
-7.5
-7.7
-7.6
-7.7
-7.6
-7.7
-7.7
-7.6
-7.7
-7.6
-7.8
-7.5
-7.4
-7.5
-7.5
-7.8
-7.8
-7.4
-7.5
-7.5
-7.5
-7.5
-7.7
-7.7
-7.5
-7.4
-7.5
-7.7
-7.5
-7.7
-7.5
-7.7
-7.7
-7.7
-7.6
-7.5
-7.6
-7.6
-7.7
-7.6
-7.7
-7.5
-7.4
-7.2
-7.7
-7.6
-7.6
-7.5
-7.4
-7.5
-7.3
-7.4
-7.5
-7.5
-7.3
-7.0
-7.4
-7.2
-7.6
-6.8
-7.0
-7.0
-7.0
-7.0
-7.2
-7.1
-7.3
-7.1
-7.2
-7.1
-7.1
-7.1
-7.1
-7.2
-7.1
-7.0
-7.1
-7.2
-7.6
-7.2
-7.2
-7.4
-7.5
-6.8
-6.6
-6.9
-6.9
-6.8
-6.7
-6.7
-6.7
-7.1
-6.8
-7.7
-7.2
-7.2
-7.2
-7.3
-7.5
-6.7
-6.8
-6.5
-6.6
-6.7
-6.7
-7.6
-7.5
-2.0
-1.9
-2.2
-2.0
-1.8
-1.7
-1.8
-1.8
-1.8
-1.8
-1.9
-2.4
-2.3
-2.2
-2.4
-2.2
-2.1
-2.1
-2.2
-1.2
-1.3
-1.3
-1.2
-1.3
-1.3
-1.3
-1.3
-1.2
-1.3
-1.4
-1.3
-1.3
-1.6
-2.5
-2.2
-2.2
-2.3
-2.1
-2.3
-2.3
-2.3
-2.2
-2.4
-2.2
-2.3
-2.1
-2.2
-2.4
-2.2
-2.2
-2.2
-2.2
-2.3
-2.2
-2.1
-1.5
-2.1
-2.2
-2.0
-2.2
-2.3
-2.0
-2.0
-2.0
-2.1
-2.1
-2.3
-1.4
-1.3
-1.2
-1.4
-1.3
-1.2
-1.3
-1.4
-1.4
-1.4
-1.3
-2.5
-2.4
-2.1
-2.5
-2.3
-1.2
-1.2
-1.3
-1.3
-1.3
-1.3
-1.3
-1.4
-1.3
-1.3
-1.4
-1.4
-1.4
-1.3
-1.5
-1.4
-1.4
-1.3
-1.4
-1.4
-1.5
-1.4
-1.5
-1.4
-1.5
-1.4
-1.5
-1.4
-1.4
-1.4
-1.4
-1.4
-1.4
-1.4
-1.5
-1.4
-1.5
-1.5
-1.5
-1.5
-1.6
-2.5
-2.6
-2.3
-2.5
-2.5
-2.5
-2.5
-2.4
-2.5
-2.4
-2.6
-2.3
-2.3
-2.5
-0.6
-0.6
-0.4
-0.4
-0.5
-0.3
-0.2
-0.3
-0.3
-0.3
-0.3
-0.5
-0.4
-0.4
-0.5
-0.5
-0.4
-0.4
-0.4
-0.5
-0.6
-0.6
-0.6
-0.5
-0.5
-0.6
-0.6
-0.6
-0.7
-0.6
-0.6
-0.6
-0.7
-0.7
-0.7
-0.7
-0.7
-0.6
-0.7
-0.7
-0.7
-0.6
-0.6
-0.6
-0.7
-0.6
-0.6
-0.7
-0.7
-0.7
-0.8
-0.7
-0.8
-0.6
-0.6
-0.7
-0.7
-0.8
-0.8
-0.8
-0.8
-0.8
-0.8
-0.8
-0.8
-0.8
-0.8
-0.8
-0.7
-0.7
-0.7
-0.8
-0.8
-0.7
-0.7
-0.8
-0.8
-0.8
-0.8
-0.8
-0.8
-0.8
-0.9
-0.9
-0.8
-0.8
-0.9
-0.8
-0.8
-0.8
-0.9
-0.8
-0.8
-0.9
-0.8
-0.8
-0.9
-0.9
-0.9
-0.9
-0.9
-0.9
-0.9
-0.9
-0.9
-0.9
-0.9
-0.9
-1.0
-0.9
-1.0
-0.9
-1.0
-1.0
-1.0
-1.0
-1.0
-1.0
-1.0
-1.0
-1.0
-1.0
-0.9
-1.0
-1.0
-1.0
-1.0
-1.0
-1.0
-1.0
-1.1
-1.1
-1.1
-1.1
-1.0
-1.0
-1.0
-1.0
-1.1
-1.0
-1.1
-1.1
-1.0
-1.0
-1.0
-0.9
-0.9
-1.0
-0.8
-0.9
-0.9
-0.9
-0.9
-0.9
-0.8
-0.8
-0.8
-0.8
-1.0
-0.9
-0.9
-0.9
-0.9
-1.0
-0.9
-0.9
-1.0
-0.8
-0.8
-0.8
-0.8
-0.8
-0.8
-0.8
-0.8
-0.8
-0.8
-0.8
-0.8
-0.8
-0.8
-0.8
-0.9
-0.9
-0.8
-1.0
-0.9
-0.9
-0.8
-0.9
-0.8
-0.8
-0.8
-0.8
-0.8
-0.8
-0.8
-0.9
-0.8
-0.8
-0.8
-0.8
-0.8
-0.8
-0.8
-0.7
-0.8
-0.8
-0.8
-0.8
-0.8
-0.8
-0.8
-0.9
-0.8
-0.7
-0.7
-0.7
-0.7
-0.7
-0.7
-0.8
-0.6
-0.7
-0.6
-0.7
-0.7
-0.6
-0.6
-0.6
-0.6
-0.6
-0.6
-0.6
-0.6
-0.6
-0.6
-0.6
-0.6
-0.6
-0.6
-0.6
-0.6
-0.6
-0.6
-0.6
-0.6
-0.6
-0.6
-0.6
-0.7
-0.7
-0.7
-0.7
-0.7
-0.7
-0.6
-0.6
-0.6
-0.6
-0.6
-0.6
-0.6
-0.6
-0.6
-0.6
-0.6
-0.6
-0.6
-0.6
-0.6
-0.6
-0.6
-0.6
-0.6
-0.6
-0.6
-0.6
-0.6
-0.6
-0.5
-0.6
-0.6
-0.6
-0.6
-0.6
-0.6
-0.6
-0.6
-0.6
-0.6
-0.6
-0.6
-0.7
-0.6
-0.6
-0.6
-0.6
-0.5
-0.5
-0.5
-0.6
-0.5
-0.5
-0.5
-0.5
-0.5
-0.5
-0.5
-0.5
-0.6
-0.5
-0.6
-0.5
-0.7
-0.7
-0.7
-0.7
-0.7
-0.7
-0.7
-0.7
-0.7
-0.6
-0.7
-0.6
-0.6
-0.6
-0.6
-0.6
-0.7
-0.7
-0.6
-0.6
-0.6
-0.6
-0.7
-0.7
-0.6
-0.7
-0.7


