# 2kg di peso fissi un secondo
0.0
0.0
0.0
0.0
0.0
0.0
0.0
0.0
0.0
0.0
0.0
0.0
0.0
0.0
0.0
0.0
0.0
0.0
0.0
0.0
0.0
0.0
0.0
0.0
0.0
0.0
0.0
0.0
0.0
0.0
0.0
0.0
0.0
0.0
0.0
0.0
0.0
0.0
0.0
0.0
0.0
0.0
0.0
0.0
0.0
0.0
0.0
0.0
0.0
0.0
0.0
0.0
0.0
0.0
0.0
0.0
0.0
0.0
0.0
0.0
0.0
0.0
0.0
0.0
0.0
0.0
0.0
0.0
0.0
0.0
0.0
0.0
0.0
0.0
0.0
0.0
0.0
0.0
0.0
0.0
0.0
0.0
0.0
0.0
0.0
0.0
0.0
0.0
0.0
0.0
0.0
0.0
0.0
0.0
0.0
0.0
0.0
0.0
0.0
0.0
0.0
0.0
0.0
0.0
0.0
0.0
0.0
0.0
0.0
0.0
0.0
0.0
0.0
0.0
0.0
0.0
0.0
0.0
0.0
0.0
0.0
0.0
0.0
0.0
0.0
0.0
0.0
0.0
0.0
0.0
0.0
0.0
0.0
0.0
0.0
0.0
0.0
0.0
0.0
0.0
0.0
0.0
0.0
0.0
0.0
0.0
0.0
0.0
0.0
0.0
0.0
0.0
0.0
0.0
0.0
0.0
0.0
0.0
0.0
0.0
0.0
0.0
0.0
0.0
0.0
0.0
0.0
0.0
0.0
0.0
0.0
0.0
0.0
0.0
0.0
0.0
0.0
0.0
0.0
0.0
0.0
0.0
0.0
0.0
0.0
0.0
0.0
0.0
0.0
0.0
0.0
0.0
0.0
0.0
0.0
0.0
0.0
0.0
0.0
0.0
0.0
0.0
0.0
0.0
0.0
0.0
0.0
0.0
0.0
0.0
0.0
0.0
0.0
0.0
0.0
0.0
0.0
0.0
0.0
0.0
0.0
0.0
0.0
0.0
0.0
0.0
0.0
0.0
0.0
0.0
0.0
0.0
0.0
0.0
0.0
0.0
0.0
0.0
0.0
0.0
0.0
0.0
0.0
0.0
0.0
0.0
0.0
0.0
0.0
0.0
0.0
0.0
0.0
0.0
0.0
0.0
0.0
0.0
0.0
0.0
0.0
0.0
0.0
0.0
0.0
0.0
0.0
0.0
0.0
0.0
0.0
0.0
0.0
0.0
0.0
0.0
0.0
0.0
0.0
0.0
0.0
0.0
0.0
0.0
0.0
0.0
0.0
0.0
0.0
0.0
0.0
0.0
0.0
0.0
0.0
0.0
0.0
0.0
0.0
0.0
0.0
0.0
0.0
0.0
0.0
0.0
0.0
0.0
0.0
0.0
0.0
0.0
0.0
0.0
0.0
0.0
0.0
0.0
0.0
0.0
0.0
0.0
0.0
0.0
0.0
0.0
0.0
0.0
0.0
0.0
0.0
0.0
0.0
0.0
0.0
0.0
0.0
0.0
0.0
0.0
0.0
0.0
0.0
0.0
0.0
0.0
0.0
0.0
0.0
0.0
0.0
0.0
0.0
0.0
0.0
237.5
632.9
1087.2
2017.6
2444.5
2805.8
3531.3
3856.1
4958.0
4922.2
5750.4
5959.8
6306.2
6202.7
6483.2
6509.1
6723.8
7270.8
7825.2
8225.6
8502.1
8754.0
8995.6
8984.0
7971.5
8383.2
7707.2
7347.6
5855.2
3005.1
0.0
0.0
0.0
0.0
0.0
0.0
0.0
0.0
0.0
0.0
0.0
0.0
0.0
0.0
0.0
0.0
0.0
0.0
0.0
0.0
0.0
0.0
0.0
0.0
0.0
0.0
0.0
0.0
0.0
0.0
0.0
0.0
0.0
0.0
0.0
0.0
0.0
0.0
0.0
0.0
0.0
0.0
0.0
0.0
0.0
0.0
0.0
0.0
0.0
0.0
0.0
0.0
0.0
0.0
0.0
0.0
0.0
0.0
0.0
0.0
0.0
0.0
0.0
0.0
0.0
0.0
0.0
0.0
0.0
0.0
0.0
0.0
0.0
0.0
0.0
0.0
0.0
0.0
0.0
0.0
0.0
0.0
0.0
0.0
0.0
0.0
0.0
0.0
0.0
0.0
0.0
0.0
0.0
0.0
0.0
0.0
0.0
0.0
0.0
0.0
0.0
0.0
0.0
0.0
0.0
0.0
0.0
0.0
0.0
0.0
0.0
0.0
0.0
0.0
0.0
0.0
0.0
0.0
0.0
0.0
0.0
0.0
0.0
0.0
0.0
0.0
0.0
0.0
0.0
0.0
0.0
0.0
0.0
0.0
0.0
0.0
0.0
0.0
0.0
140.8
847.9
2401.2
3008.1
4640.8
5036.7
5052.0
5964.1
5747.1
5240.9
5281.2
4815.1
4414.9
4858.3
4495.8
4384.5
4077.6
3267.2
3101.6
2766.5
2380.8
3540.2
3003.2
2869.4
2584.2
2311.5
512.7
0.0
0.0
0.0
0.0
0.0
0.0
0.0
0.0
0.0
0.0
0.0
0.0
0.0
0.0
0.0
0.0
0.0
0.0
0.0
0.0
0.0
0.0
0.0
0.0
0.0
0.0
0.0
0.0
0.0
0.0
0.0
0.0
0.0
0.0
0.0
0.0
0.0
0.0
0.0
0.0
0.0
0.0
0.0
0.0
58.2
0.0
406.6
516.4
1423.6
1718.4
2197.3
2839.1
3503.9
4242.9
4331.9
4751.7
5207.4
5117.6
5200.8
5129.2
5085.4
5158.0
5497.7
5766.7
5489.6
5345.1
5379.5
5397.7
5416.7
5471.3
5179.3
5026.2
4917.9
5103.1
5110.5
5418.1
5072.5
5137.9
5281.6
5688.5
5553.5
5281.9
5286.0
5372.7
5482.8
5461.3
5344.3
5318.4
5543.7
5605.6
5344.3
5319.9
5489.9
5081.6
5199.2
4964.7
4856.1
4635.7
5131.0
5413.5
5170.3
4924.6
4800.8
4909.7
5314.6
5296.4
5263.6
5259.7
5094.0
4709.3
4659.5
4879.0
4655.7
4493.8
4656.7
4648.8
4594.6
4630.0
4456.0
4365.8
4577.3
4203.2
4406.4
4415.9
4337.7
4427.0
4375.9
4294.4
4097.4
4485.5
4108.3
4266.9
4117.0
3957.6
4111.9
3764.8
3688.8
3554.2
3546.5
3587.3
3629.3
3435.3
3351.9
3425.1
3370.0
3210.0
3141.5
3174.8
3322.6
3203.7
3043.9
2745.2
2677.5
2410.3
2826.4
2618.5
2714.0
3277.7
2933.6
3032.8
3013.8
3000.7
2781.4
2764.5
3131.3
3172.0
3167.5
3174.7
3032.5
2923.6
3072.5
3263.0
3343.0
3130.4
2945.2
3108.0
3264.3
3454.7
3073.6
3256.7
3287.3
2971.9
3139.4
2898.1
3054.0
2916.5
2762.4
3029.8
3216.4
3080.0
3207.2
3152.0
3769.7
3528.6
3484.4
3120.7
3051.0
2954.8
2176.1
2456.3
2358.4
2340.9
2194.3
2250.6
1909.4
1424.9
1118.6
822.4
1040.5
648.0
352.7
373.0
0.0
16.9
4.4
0.0
0.0
0.0
0.0
0.0
0.0
0.0
0.0
0.0
0.0
0.0
0.0
0.0
0.0
0.0
0.0
0.0
0.0
0.0
0.0
0.0
0.0
0.0
0.0
0.0
0.0
0.0
0.0
0.0
0.0
0.0
0.0
0.0
0.0
