# 4kg fissi
# t=1s
# NO RISCALAMENTO
971700
971381
971236
971324
971279
971230
971115
970965
970705
970509
970266
970123
970029
969891
970057
970183
970404
970660
970763
970767
970760
970726
970646
970650
970679
970759
970764
970783
970927
971141
971383
971715
972056
972271
972488
972774
973109
973439
973755
973841
973854
973894
973964
974157
974304
974442
974506
974480
974487
974243
974106
973949
973783
973744
973582
973471
973415
973362
973257
972993
972673
972244
971801
971291
970890
970460
970191
970113
970249
970468
970873
971160
971437
971661
971978
972052
972241
972291
972305
972342
972427
972458
972407
972415
972532
972448
972426
972371
972389
972372
972377
972361
972259
972126
972084
971880
971521
971175
971065
970883
970539
970211
970001
969602
969401
969063
968941
968798
969020
968892
968878
968957
969036
969086
969064
968965
968888
968956
969074
969369
969711
970033
970350
970552
970583
970625
970617
970687
970660
970851
970877
971115
971158
971260
971498
971496
971513
971638
971627
971515
971533
971652
971622
971551
971262
971026
970666
970434
970302
970137
970104
970221
970421
970426
970354
970460
970576
970766
970922
971166
971247
971354
971418
971353
971355
971469
971548
971645
971910
971944
972181
972073
972042
972123
972227
972282
972396
972537
972659
972725
972721
972738
972827
972847
972834
973010
973194
972997
973170
973272
973395
973555
973741
973859
974064
974140
974158
974102
974185
974162
974167
974222
974230
974297
974424
974513
974701
974738
974870
975052
975224
975500
975825
975930
976125
976569
976709
977063
977359
977535
977683
977742
977702
977805
977846
977897
977831
977736
977719
977736
977968
978325
978486
978851
979208
979592
979839
980200
980514
980862
981077
981206
981220
981126
980978
980890
980830
980860
981053
981185
981441
981547
981642
981667
981629
981789
981786
981731
981879
981847
981883
981962
981963
981881
982073
981978
981841
981707
981547
981408
981263
981128
981024
980822
980741
980521
980305
980145
979921
979764
979547
979499
979423
979269
979065
978767
978380
978038
977690
977447
977224
977061
977060
977171
977386
977832
978104
978430
978600
978806
978905
978828
978756
978638
978472
978377
978246
978243
978013
977778
977651
977588
977506
977482
977534
977655
977621
977518
977609
977597
