# 0 -> 2 -> 4kg in sequenza, poi lasciato
# t=10s
0.3
4.9
23.1
23.0
15.7
13.5
13.7
8.6
16.4
18.5
14.6
14.8
16.5
20.3
26.7
22.3
30.0
26.9
24.9
23.6
22.6
23.1
29.7
27.0
25.1
31.4
28.8
30.4
27.9
25.3
27.3
28.8
31.3
31.2
29.5
29.0
27.1
27.7
25.4
27.3
26.7
24.0
20.0
23.7
20.4
20.9
21.4
20.2
21.5
17.4
19.2
20.0
20.2
18.5
21.2
21.0
21.6
17.6
15.3
14.9
9.3
8.1
9.9
6.3
6.8
5.3
7.5
3.3
7.1
9.0
10.2
11.5
14.2
13.6
12.4
10.7
12.0
15.9
15.9
17.3
20.5
20.6
20.2
18.9
18.5
18.6
19.0
17.2
16.1
15.5
15.1
13.2
15.7
18.2
17.9
16.0
16.6
16.0
16.6
15.9
18.6
16.1
14.3
16.0
15.3
15.3
17.5
18.9
19.6
19.2
18.4
20.2
22.2
22.4
21.2
20.6
18.4
19.8
17.8
20.0
21.8
22.8
22.1
21.8
24.0
25.1
23.9
25.5
