#no peso
# t=1s
-2.3
-3.2
-3.0
-3.2
-3.0
-2.6
-2.4
-2.0
-0.8
-1.0
-0.5
0.2
0.9
1.5
2.3
3.2
4.5
5.3
6.4
7.5
8.3
9.4
10.4
11.0
11.7
12.8
13.5
14.7
15.8
16.9
18.3
19.2
20.1
21.5
22.6
23.8
25.5
27.1
28.6
30.2
31.8
33.3
34.9
36.4
37.8
38.9
39.9
40.8
41.5
41.9
42.1
42.1
42.1
41.9
41.8
41.6
41.4
41.4
41.4
41.3
41.3
41.3
41.3
41.3
41.3
41.4
41.4
41.4
41.4
41.4
41.5
41.5
41.4
41.5
41.4
41.5
41.5
41.5
41.3
41.4
41.4
41.4
41.4
41.4
41.4
41.4
41.4
41.5
41.4
41.4
41.4
41.4
41.4
41.4
41.4
41.3
41.3
41.3
41.2
41.1
41.1
41.1
41.0
41.0
41.0
41.0
41.0
41.0
41.0
41.0
41.0
41.0
41.1
41.0
41.0
40.9
41.0
41.0
41.0
41.0
41.0
41.1
41.1
41.1
39.9
39.2
41.3
41.4
41.5
41.5
41.3
40.6
41.5
41.7
41.7
41.6
41.6
41.6
41.7
41.6
41.6
41.6
41.6
41.6
41.6
41.6
41.7
38.5
38.9
38.9
38.9
38.8
39.6
40.2
35.0
33.8
35.8
38.0
40.0
42.0
42.1
41.8
38.9
36.9
38.5
41.0
42.2
40.6
42.3
42.3
39.8
36.3
35.9
39.7
36.6
28.9
22.9
20.2
18.9
17.0
13.8
9.6
5.1
1.0
-3.7
-9.2
-17.6
-23.3
-26.6
-29.9
-29.8
-26.5
-23.1
-21.7
-20.7
-20.7
-21.2
-22.4
-21.5
-16.6
-11.6
-3.4
2.4
-0.4
-3.6
-8.8
-14.4
-18.9
-21.3
-22.2
-21.0
