# condensatore parallelo ad alimentazione  t 1 secondo
24.1
23.1
23.5
31.9
32.8
30.4
32.9
27.2
36.4
52.6
51.1
45.9
47.9
32.8
31.8
33.2
36.3
36.2
33.2
35.7
42.3
29.3
28.4
30.5
40.2
49.1
48.6
51.9
70.3
77.6
82.3
73.8
73.8
73.5
76.5
79.4
76.9
74.9
76.7
60.6
54.7
54.6
54.8
59.3
60.5
54.7
73.7
66.6
69.1
64.2
79.4
91.4
99.8
111.1
118.2
118.9
123.5
126.5
127.9
129.1
126.4
131.1
137.2
136.6
133.1
135.8
137.5
141.3
146.9
150.0
148.7
161.1
162.9
162.3
152.7
160.5
165.3
167.6
156.5
163.4
164.7
182.8
178.0
184.3
187.0
193.1
207.2
202.8
208.1
209.9
204.4
203.2
205.5
203.2
197.9
198.6
193.4
197.1
198.9
198.0
199.4
201.5
206.5
212.0
215.7
213.1
217.1
225.0
228.5
226.8
225.8
226.8
233.5
231.6
230.2
230.4
228.6
227.8
226.8
220.4
229.7
228.9
230.3
229.4
227.9
225.0
228.1
225.7
225.7
227.0
216.1
216.5
219.9
226.9
215.4
228.0
226.2
228.1
235.7
229.0
226.6
224.3
231.5
207.7
215.7
212.3
208.2
202.9
200.9
206.8
209.2
210.7
211.9
210.7
218.4
217.5
220.8
223.6
217.0
217.7
224.2
224.9
218.5
223.0
220.7
220.0
220.1
218.1
215.7
211.1
215.4
217.7
213.8
218.8
218.4
213.2
212.0
212.6
217.2
218.3
213.7
208.4
211.0
206.8
206.4
206.0
205.6
215.7
209.4
204.6
206.8
209.0
214.9
211.5
216.0
216.0
212.0
207.8
210.9
211.4
211.4
208.5
219.7
216.8
213.2
220.0
219.8
218.9
218.7
208.5
216.0
215.5
215.4
221.3
227.8
226.3
215.6
226.2
225.2
234.1
232.3
229.5
226.1
229.8
227.3
229.0
236.4
233.0
234.0
235.8
236.9
228.6
234.3
231.3
232.0
237.3
234.9
237.5
238.4
238.7
