# dt 100s 0-2-4kg
-0.000
0.000
-0.002
0.000
-0.001
-0.001
-0.002
-0.002
-0.001
-0.000
-0.005
-0.002
-0.003
-0.003
-0.003
-0.005
-0.002
-0.003
-0.004
-0.003
-0.004
-0.002
-0.004
-0.006
-0.004
-0.002
-0.005
-0.006
-0.006
-0.006
-0.006
-0.007
-0.006
-0.008
-0.006
-0.009
-0.008
-0.009
-0.009
-0.005
-0.008
-0.009
-0.009
-0.009
-0.010
-0.009
-0.010
-0.010
-0.009
-0.007
-0.009
-0.011
-0.011
-0.010
-0.012
-0.011
-0.013
-0.011
-0.011
-0.012
-0.011
-0.014
-0.013
-0.014
-0.012
-0.015
-0.015
-0.014
-0.014
-0.013
-0.013
-0.015
-0.012
-0.016
-0.015
-0.014
-0.014
-0.015
-0.017
-0.016
-0.014
-0.015
-0.018
-0.017
-0.016
-0.017
-0.017
-0.017
-0.018
-0.019
-0.016
-0.019
-0.018
-0.017
-0.019
-0.016
-0.019
-0.019
-0.017
-0.019
-0.019
-0.017
-0.018
-0.020
-0.020
-0.020
-0.018
-0.019
-0.020
-0.021
-0.021
-0.019
-0.018
-0.020
-0.020
-0.022
-0.020
-0.021
-0.022
-0.021
-0.022
-0.019
-0.021
-0.024
-0.021
-0.023
-0.022
-0.022
-0.021
-0.021
-0.021
-0.022
-0.024
-0.022
-0.024
-0.024
-0.024
-0.024
-0.023
-0.023
-0.026
-0.023
-0.021
-0.022
-0.023
-0.023
-0.020
-0.024
-0.024
-0.025
-0.025
-0.022
-0.023
-0.028
-0.023
-0.025
-0.024
-0.026
-0.025
-0.025
-0.025
-0.023
-0.023
-0.026
-0.023
-0.024
-0.026
-0.026
-0.026
-0.026
-0.026
-0.025
-0.024
-0.023
-0.026
-0.023
-0.026
-0.024
-0.026
-0.026
-0.025
-0.027
-0.028
-0.026
-0.025
-0.027
-0.026
-0.026
-0.027
-0.026
-0.026
-0.027
-0.027
-0.025
-0.028
-0.026
-0.028
-0.027
-0.024
-0.027
-0.026
-0.026
-0.026
-0.026
-0.026
-0.025
-0.026
-0.026
-0.030
-0.026
-0.027
-0.026
-0.026
-0.024
-0.027
-0.026
-0.029
-0.026
-0.026
-0.028
-0.027
-0.027
-0.027
-0.023
-0.025
-0.026
-0.027
-0.027
-0.027
-0.026
-0.026
-0.028
-0.026
-0.025
-0.026
-0.026
-0.024
-0.025
-0.026
-0.025
-0.024
-0.028
-0.025
-0.027
-0.025
-0.027
-0.026
-0.025
-0.025
-0.025
-0.028
-0.026
-0.026
-0.026
-0.025
-0.026
-0.026
-0.026
-0.026
-0.026
-0.028
-0.024
-0.025
-0.023
-0.026
-0.025
-0.026
-0.026
-0.025
-0.024
-0.028
-0.026
-0.026
-0.026
-0.026
-0.025
-0.026
-0.027
-0.025
-0.027
-0.027
-0.025
-0.024
-0.027
-0.025
-0.022
-0.023
-0.025
-0.025
-0.024
-0.024
-0.024
-0.025
-0.023
-0.024
-0.025
-0.023
-0.025
-0.025
-0.023
-0.025
-0.022
-0.023
-0.024
-0.026
-0.026
-0.024
-0.024
-0.026
-0.024
-0.025
-0.026
-0.027
-0.024
-0.022
-0.023
-0.025
-0.025
-0.026
-0.023
-0.024
-0.024
-0.025
-0.023
-0.025
-0.021
-0.024
-0.024
-0.024
-0.024
-0.023
-0.024
-0.022
-0.023
-0.023
-0.022
-0.020
-0.024
-0.022
-0.025
-0.023
-0.027
-0.023
-0.024
-0.023
-0.023
-0.023
-0.022
-0.022
-0.023
-0.021
-0.021
-0.023
-0.025
-0.025
-0.022
-0.022
-0.023
-0.020
-0.023
-0.020
-0.024
-0.022
-0.023
-0.023
-0.023
-0.020
-0.024
-0.021
-0.022
-0.021
-0.022
-0.022
-0.022
-0.022
-0.023
-0.021
-0.021
-0.022
-0.018
-0.021
-0.018
-0.021
-0.018
-0.020
-0.021
-0.020
-0.021
-0.020
-0.020
-0.020
-0.020
-0.020
-0.021
-0.020
-0.019
-0.021
-0.020
-0.018
-0.018
-0.019
-0.020
-0.019
-0.019
-0.021
-0.020
-0.020
-0.019
-0.020
-0.021
-0.019
-0.019
-0.021
-0.019
-0.019
-0.020
-0.017
-0.019
-0.019
-0.018
-0.017
-0.018
-0.021
-0.021
-0.020
-0.019
-0.020
-0.019
-0.020
-0.018
-0.019
-0.021
-0.019
-0.018
-0.020
-0.018
-0.018
-0.018
-0.020
-0.019
-0.018
-0.019
-0.019
-0.019
-0.017
-0.020
-0.018
-0.020
-0.019
-0.018
-0.018
-0.020
-0.019
-0.017
-0.018
-0.018
-0.019
-0.016
-0.017
-0.020
-0.019
-0.018
-0.018
-0.018
-0.017
-0.020
-0.019
-0.019
-0.018
-0.018
-0.015
-0.019
-0.018
-0.020
-0.019
-0.020
-0.019
-0.018
-0.019
-0.020
-0.018
-0.017
-0.018
-0.018
-0.018
-0.018
-0.016
-0.020
-0.017
-0.020
-0.016
-0.021
-0.021
-0.018
-0.018
-0.020
-0.018
-0.020
-0.020
-0.020
-0.020
-0.018
-0.022
-0.020
-0.019
-0.019
-0.017
-0.019
-0.018
-0.020
-0.018
-0.020
-0.018
-0.020
-0.020
-0.021
-0.018
-0.019
-0.019
-0.019
-0.020
-0.019
-0.017
-0.020
-0.019
-0.019
-0.020
-0.020
-0.020
-0.019
-0.019
-0.019
-0.018
-0.017
-0.018
-0.019
-0.017
-0.019
-0.019
-0.019
-0.018
-0.019
-0.021
-0.020
-0.019
-0.020
-0.019
-0.018
-0.020
-0.020
-0.019
-0.019
-0.017
-0.018
-0.020
-0.019
-0.019
-0.018
-0.019
-0.018
-0.017
-0.021
-0.017
-0.020
-0.019
-0.022
-0.019
-0.020
-0.020
-0.019
-0.020
-0.021
-0.019
-0.019
-0.018
-0.019
-0.019
-0.020
-0.022
-0.019
-0.020
-0.019
-0.019
-0.020
-0.018
-0.021
-0.021
-0.022
-0.020
-0.019
-0.018
-0.021
-0.019
-0.020
-0.020
-0.021
-0.018
-0.019
-0.019
-0.019
-0.020
-0.017
-0.020
-0.020
-0.019
-0.019
-0.020
-0.020
-0.019
-0.019
-0.018
-0.022
-0.020
-0.021
-0.019
-0.018
-0.019
-0.017
-0.020
-0.018
-0.020
-0.017
-0.019
-0.018
-0.018
-0.020
-0.020
-0.020
-0.017
-0.019
-0.019
-0.020
-0.020
-0.020
-0.018
-0.018
-0.018
-0.020
-0.018
-0.017
-0.017
-0.021
-0.019
-0.019
-0.020
-0.017
-0.018
-0.019
-0.018
-0.018
-0.017
-0.019
-0.020
-0.019
-0.018
-0.018
-0.021
-0.021
-0.020
-0.017
-0.018
-0.019
-0.021
-0.019
-0.020
-0.019
-0.018
-0.017
-0.020
-0.018
-0.017
-0.019
-0.020
-0.018
-0.018
-0.018
-0.019
-0.019
-0.018
-0.020
-0.017
-0.020
-0.015
-0.019
-0.017
-0.017
-0.019
-0.019
-0.021
-0.021
-0.019
-0.018
-0.019
-0.017
-0.019
-0.018
-0.017
-0.016
-0.017
-0.017
-0.020
-0.021
-0.020
-0.018
-0.019
-0.018
-0.018
-0.016
-0.018
-0.015
-0.017
-0.018
-0.019
-0.020
-0.020
-0.020
-0.017
-0.018
-0.022
-0.020
-0.018
-0.018
-0.018
-0.019
-0.018
-0.016
-0.017
-0.016
-0.017
-0.016
-0.015
-0.015
-0.015
-0.016
-0.014
-0.015
-0.014
-0.014
-0.015
-0.016
-0.013
-0.015
-0.016
-0.014
-0.014
-0.013
-0.013
-0.015
-0.013
-0.013
-0.013
-0.015
-0.015
-0.017
-0.013
-0.013
-0.013
-0.012
-0.014
-0.013
-0.015
-0.013
-0.016
-0.014
-0.013
-0.011
-0.011
-0.012
-0.014
-0.013
-0.015
-0.014
-0.012
-0.011
-0.013
-0.015
-0.013
-0.013
-0.014
-0.013
-0.013
-0.014
-0.015
-0.012
-0.013
-0.013
-0.014
-0.015
-0.012
-0.016
-0.013
-0.013
-0.014
-0.013
-0.014
-0.014
-0.013
-0.016
-0.012
-0.013
-0.015
-0.013
-0.015
-0.014
-0.016
-0.014
-0.014
-0.017
-0.015
-0.015
-0.014
-0.014
-0.016
-0.013
-0.017
-0.016
-0.016
-0.014
-0.014
-0.016
-0.014
-0.015
-0.016
-0.017
-0.015
-0.017
-0.016
-0.015
-0.016
-0.018
-0.018
-0.018
-0.018
-0.018
-0.018
-0.017
-0.017
-0.016
-0.017
-0.017
-0.017
-0.019
-0.019
-0.020
-0.018
-0.020
-0.019
-0.021
-0.019
-0.019
-0.019
-0.019
-0.021
-0.018
-0.021
-0.020
-0.021
-0.020
-0.021
-0.021
-0.023
-0.023
-0.020
-0.020
-0.023
-0.021
-0.021
-0.020
-0.022
-0.022
-0.022
-0.023
-0.024
-0.023
-0.023
-0.025
-0.021
-0.023
-0.024
-0.023
-0.024
-0.025
-0.023
-0.022
-0.024
-0.023
-0.024
-0.026
-0.024
-0.027
-0.024
-0.023
-0.024
-0.025
-0.023
-0.023
-0.023
-0.025
-0.024
-0.025
-0.024
-0.027
-0.027
-0.025
-0.024
-0.025
-0.028
-0.025
-0.028
-0.027
-0.027
-0.027
-0.027
-0.028
-0.029
-0.029
-0.028
-0.029
-0.027
-0.026
-0.027
-0.027
-0.030
-0.028
-0.028
-0.028
-0.028
-0.030
-0.030
-0.028
-0.031
-0.030
-0.028
-0.030
-0.030
-0.030
-0.032
-0.030
-0.030
-0.030
-0.029
-0.031
-0.030
-0.031
-0.030
-0.029
-0.028
-0.030
-0.032
-0.030
1.923
1.923
1.925
1.924
1.924
1.927
1.923
1.924
1.924
1.926
1.925
1.924
1.924
1.923
1.924
1.921
1.923
1.922
1.923
1.921
1.923
1.922
1.921
1.924
1.922
1.919
1.921
1.922
1.921
1.921
1.922
1.922
1.919
1.921
1.919
1.922
1.921
1.920
1.921
1.920
1.920
1.919
1.919
1.919
1.918
1.920
1.919
1.917
1.918
1.920
1.919
1.917
1.919
1.918
1.917
1.915
1.917
1.916
1.919
1.918
1.917
1.918
1.917
1.916
1.919
1.917
1.919
1.916
1.919
1.918
1.918
1.917
1.917
1.916
1.918
1.916
1.918
1.916
1.916
1.917
1.914
1.916
1.917
1.918
1.915
1.915
1.917
1.918
1.914
1.915
1.915
1.916
1.914
1.917
1.915
1.916
1.916
1.916
1.916
1.916
1.916
1.916
1.916
1.915
1.916
1.916
1.914
1.917
1.914
1.914
1.916
1.914
1.915
1.914
1.914
1.912
1.916
1.915
1.915
1.914
1.916
1.914
1.913
1.914
1.914
1.913
1.911
1.915
1.915
1.913
1.912
1.914
1.913
1.915
1.914
1.913
1.915
1.912
1.910
1.913
1.913
1.913
1.914
1.913
1.912
1.915
1.914
1.913
1.915
1.914
1.914
1.914
1.915
1.915
1.916
1.914
1.913
1.913
1.914
1.912
1.913
1.914
1.913
1.914
1.913
1.913
1.912
1.915
1.914
1.914
1.913
1.914
1.915
1.916
1.913
1.912
1.913
1.912
1.912
1.914
1.915
1.914
1.914
1.914
1.914
1.914
1.915
1.914
1.913
1.916
1.914
1.913
1.914
1.914
1.914
1.914
1.912
1.914
1.911
1.914
1.913
1.912
1.915
1.914
1.913
1.913
1.914
1.915
1.912
1.914
1.912
1.914
1.912
1.912
1.915
1.913
1.913
1.914
1.914
1.914
1.913
1.913
1.913
1.915
1.915
1.912
1.913
1.913
1.914
1.913
1.913
1.914
1.913
1.914
1.914
1.914
1.913
1.911
1.914
1.912
1.914
1.915
1.913
1.914
1.915
1.914
1.912
1.913
1.914
1.915
1.916
1.915
1.915
1.917
1.916
1.914
1.916
1.915
1.915
1.916
1.914
1.915
1.914
1.915
1.917
1.917
1.916
1.916
1.915
1.914
1.915
3.834
3.834
3.832
3.836
3.833
3.833
3.834
3.834
3.834
3.833
3.834
3.833
3.834
3.834
3.831
3.831
3.830
3.833
3.833
3.832
3.834
3.830
3.832
3.831
3.832
3.830
3.830
3.831
3.833
3.830
3.832
3.831
3.829
3.831
3.832
3.831
3.829
3.830
3.829
3.832
3.831
3.831
3.830
3.830
3.832
3.833
3.831
3.829
3.832
3.830
3.829
3.831
3.829
3.828
3.830
3.830
3.829
3.829
3.831
3.832
3.830
3.830
3.830
3.831
3.831
3.831
3.832
3.832
3.828
3.829
3.829
3.828
3.831
3.830
3.830
3.831
3.832
3.831
3.831
3.830
3.829
3.829
3.829
3.829
3.829
3.833
3.831
3.830
3.829
3.831
3.831
3.830
3.831
3.831
3.830
3.829
3.832
3.829
3.833
3.830
3.827
3.829
3.829
3.830
3.829
3.831
3.831
3.830
3.832
3.831
3.829
3.828
3.832
3.832
3.831
3.830
3.829
3.830
3.832
3.829
3.832
3.832
3.828
3.827
3.830
3.830
3.830
3.829
3.828
3.830
3.829
3.827
3.830
3.830
3.829
3.827
3.827
3.831
3.829
3.830
3.828
3.828
3.828
3.828
3.829
3.830
3.828
3.828
3.828
3.829
3.831
3.828
3.829
3.827
3.828
3.828
3.828
3.828
3.828
3.829
3.826
3.826
3.830
3.830
3.826
3.829
3.826
3.829
3.826
3.828
3.826
3.829
3.826
3.826
3.828
3.827
3.827
3.826
3.828
3.828
3.826
3.827
3.825
3.829
3.826
3.826
3.828
3.829
3.826
3.826
3.827
3.827
3.828
3.825
3.825
3.826
3.826
3.828
3.825
3.826
3.828
3.826
3.828
3.826
3.824
3.825
3.825
3.827
3.826
3.825
3.826
3.825
3.827
3.826
3.828
3.827
3.826
3.825
3.824
3.825
3.825
3.826
3.824
3.824
3.827
3.824
3.824
3.824
3.824
3.824
3.825
3.825
3.825
3.823
3.826
3.823
3.824
3.825
3.822
3.825
3.823
3.825
3.822
3.825
3.823
3.824
3.824
3.824
3.823
3.825
3.824
3.823
3.824
3.825
3.824
3.823
3.822
3.820
3.818
3.818
3.820
3.818
3.820
3.820
3.819
3.817
3.822
3.820
3.818
3.820
3.821
3.820
3.820
3.820
3.819
3.821
3.820
3.819
3.819
3.819
3.820
3.819
3.819
3.817
3.821
3.818
3.822
3.819
3.818
3.818
3.818
3.821
3.816
3.820
3.817
3.819
3.819
3.819
3.819
3.818
3.816
3.817
3.819
3.819
3.820
3.820
3.818
3.816
3.818
3.818
3.816
3.818
3.816
3.816
3.818
3.817
3.817
3.816
3.817
3.817
3.818
3.818
3.817
3.816
3.818
3.816
3.817
3.816
3.815
3.816
3.816
3.817
3.816
3.814
3.816
3.817
3.816
3.816
3.816
3.815
3.817
3.816
3.815
3.815
3.815
3.815
3.814
3.815
3.814
3.815
3.817
3.814
3.817
3.813
3.815
3.816
3.816
3.815
3.816
3.815
3.816
3.815
3.815
3.817
3.820
3.817
3.817
3.819
3.818
3.818
3.820
3.820
3.820
3.823
3.821
3.821
3.820
3.819
3.818
3.822
3.821
3.819
3.820
3.822
3.820
3.820
3.822
3.820
3.821
3.823
3.821
3.821
3.821
3.823
3.821
3.822
3.821
3.822
3.823
3.823
3.824
3.822
3.823
3.824
3.822
3.823
3.823
3.822
3.822
3.822
3.822
3.823
3.823
3.821
3.824
3.820
3.823
3.822
3.821
3.823
3.822
3.824
3.821
3.822
3.823
3.821
3.821
3.823
3.821
3.824
3.823
3.824
3.821
3.824
3.820
3.822
3.822
3.819
3.820
3.823
3.822
3.822
3.822
3.824
3.821
3.822
3.823
3.822
3.819
3.823
3.821
3.820
3.821
3.821
3.820
3.822
3.820
3.819
3.818
3.820
3.819
3.818
3.821
3.820
3.817
3.818
3.818
3.816
3.817
3.820
3.817
3.819
3.818
3.819
3.818
3.817
3.816
3.817
3.817
3.817
3.818
3.816
3.816
3.816
3.817
3.816
3.815
3.815
3.814
3.815
3.812
3.814
3.814
3.812
3.813
3.814
3.814
3.812
3.812
3.812
3.813
3.814
3.813
3.811
3.812
3.812
3.813
3.812
3.811
3.812
3.812
3.811
3.812
3.812
3.812
3.810
3.810
3.810
3.810
3.811
3.810
3.809
3.809
3.810
3.809
3.808
3.810
3.809
3.808
3.808
3.810
3.807
3.808
3.809
3.808
3.807
3.808
3.809
3.806
3.807
3.807
3.807
3.808
3.807
3.805
3.807
3.807
3.807
3.806
3.806
3.807
3.805
3.805
3.805
3.807
3.804
3.802
3.802
3.804
3.805
3.804
3.803
3.804
3.804
3.805
3.803
3.803
3.802
3.801
3.805
3.802
3.802
3.803
3.802
3.804
3.803
3.802
3.801
3.800
3.803
3.803
3.801
3.803
3.800
3.802
3.801
3.800
3.801
3.800
3.801
3.802
3.801
3.800
3.800
3.800
3.802
3.800
3.800
3.800
3.799
3.799
3.800
3.799
3.800
3.799
3.798
3.798
3.798
3.798
3.799
3.799
3.797
3.800
3.797
3.799
3.800
3.796
3.799
3.798
3.798
3.795
3.797
3.797
3.799
3.800
3.799
3.797
3.797
3.798
3.799
3.798
3.797
3.797
3.797
3.798
3.799
3.796
3.796
3.798
3.796
3.798
3.795
3.799
3.797
3.796
3.796
3.796
3.795
3.799
3.798
3.796
3.799
3.796
3.796
3.798
3.796
3.797
3.800
3.795
3.796
3.795
3.799
3.798
3.795
3.794
3.794
3.796
3.796
3.798
3.795
3.793
3.795
3.794
3.797
3.796
3.796
3.796
3.794
3.799
3.795
3.795
3.797
3.795
3.797
3.795
3.797
3.796
3.793
3.797
3.795
3.796
3.794
3.795
3.794
3.794
3.795
3.797
3.798
3.793
3.794
3.793
3.796
3.795
3.794
3.794
3.794
3.794
3.794
3.793
3.794
3.793
3.797
3.792
3.795
3.792
3.794
3.793
3.794
3.794
3.793
3.795
3.794
3.794
3.793
3.792
3.793
3.792
3.794
3.793
3.793
3.794
3.794
3.792
3.793
3.793
3.794
3.795
3.793
3.792
3.794
3.794
3.794
3.791
3.790
3.793
3.793
3.794
3.793
3.792
3.794
3.793
3.794
3.792
3.793
3.794
3.793
3.793
3.793
3.792
3.791
3.793
3.795
3.791
3.792
3.791
3.794
3.794
3.793
3.792
3.792
3.793
3.791
3.794
3.792
3.791
3.790
3.791
3.791
3.794
3.794
3.791
3.790
3.790
3.792
3.793
3.793
3.793
3.790
3.794
3.791
3.792
3.793
3.793
3.791
3.793
3.793
3.793
3.793
3.792
3.791
3.794
3.794
3.793
3.792
3.792
3.793
3.793
3.794
3.796
3.794
3.793
3.794
3.792
3.793
3.793
3.793
3.792
3.794
3.793
3.793
3.791
3.792
3.792
3.793
3.793
3.793
3.792
3.792
3.793
3.794
3.793
3.794
3.793
3.795
3.793
3.792
3.795
3.793
3.794
3.793
3.793
3.793
3.794
3.794
3.795
3.795
3.793
3.794
3.795
3.793
3.794
3.795
3.795
3.794
3.793
3.793
3.793
3.796
3.795
3.796
3.794
3.792
3.792
3.793
3.794
3.792
3.795
3.795
3.797
3.795
3.794
3.795
3.798
3.794
3.794
3.795
3.796
3.793
3.795
3.797
3.798
3.793
3.796
3.797
3.797
3.796
3.795
3.797
3.795
3.793
3.796
3.796
3.796
3.796
3.796
3.797
3.798
3.795
3.795
3.798
3.796
3.796
3.794
3.795
3.797
3.797
3.798
3.796
3.795
3.794
3.797
3.796
3.797
3.795
3.797
3.799
3.797
3.797
3.797
3.795
3.799
3.796
3.798
3.797
3.796
3.797
3.797
3.796
3.794
3.792
3.795
3.795
3.796
3.795
3.795
3.796
3.799
3.797
3.800
3.799
3.798
3.799
3.800
3.798
3.800
3.800
3.799
3.801
3.800
3.800
3.800
3.800
3.801
3.800
3.801
3.802
3.800
3.800
3.801
3.798
3.801
3.799
3.799
