#~30min, dt 10s, no peso
-0.0
-0.0
-0.0
-0.0
-0.1
-0.0
-0.1
-0.0
-0.0
-0.1
-0.1
-0.1
-0.1
-0.1
-0.1
-0.1
-0.0
-0.1
-0.1
-0.1
-0.0
-0.1
-0.1
-0.1
-0.1
-0.1
-0.1
-0.1
-0.1
-0.1
-0.1
-0.1
-0.1
-0.1
-0.1
-0.1
-0.1
-0.1
-0.1
-0.1
-0.1
-0.1
-0.0
-0.1
-0.1
-0.1
-0.1
-0.1
-0.1
-0.1
-0.1
-0.1
-0.1
-0.1
-0.1
-0.1
-0.1
-0.1
-0.1
-0.1
-0.1
-0.1
-0.2
-0.2
-0.1
-0.1
-0.1
-0.1
-0.1
-0.2
-0.1
-0.1
-0.1
-0.1
-0.1
-0.1
-0.2
-0.1
-0.1
-0.1
-0.1
-0.1
-0.1
-0.1
-0.1
-0.1
-0.1
-0.1
-0.1
-0.1
-0.1
-0.1
-0.1
-0.1
-0.1
-0.1
-0.1
-0.1
-0.1
-0.1
-0.1
-0.1
-0.1
-0.2
-0.2
-0.1
-0.1
-0.1
-0.1
-0.1
-0.1
-0.1
-0.1
-0.1
-0.1
-0.1
-0.1
-0.1
-0.1
-0.1
-0.1
-0.1
-0.1
-0.1
-0.1
-0.1
-0.1
-0.1
-0.1
-0.1
-0.1
-0.1
-0.1
-0.1
-0.1
-0.1
-0.1
-0.1
-0.2
-0.1
-0.2
-0.1
-0.1
-0.1
-0.1
-0.2
-0.1
-0.1
-0.1
-0.1
-0.1
-0.1
-0.1
-0.1
-0.1
-0.1
-0.2
-0.2
-0.1
-0.1
-0.1
-0.1
-0.1
-0.2
-0.1
-0.1
-0.1
-0.1
-0.1
-0.1
-0.2
-0.2
-0.1
-0.1
-0.1
-0.1
-0.1
-0.1
-0.1
-0.1
-0.1
-0.1
-0.1
-0.2
-0.1
-0.2
-0.2
-0.2
-0.2
-0.2
-0.1
-0.2
-0.2
-0.1
-0.2
-0.2
-0.2
-0.2
-0.1
-0.2
-0.2
-0.2
-0.2
-0.2
-0.2
-0.2
-0.1
-0.2
-0.2
-0.2
-0.2
-0.2
-0.2
-0.2
-0.2
-0.2
-0.2
-0.2
