0 0.001 21 46 
1 0.003 21 42 
2 0.003 20 47 
3 0.002 20 47 
4 3.473 20 46 
5 3.475 20 46 
6 3.473 20 46 
7 3.473 20 46 
8 3.475 20 46 
9 3.476 20 46 
10 3.478 20 46 
11 3.475 20 46 
12 3.477 20 46 
13 3.476 20 46 
14 3.479 20 46 
15 3.475 20 46 
16 3.477 20 46 
17 3.475 20 46 
18 3.48 20 46 
19 3.476 20 46 
20 3.475 20 46 
21 3.48 20 46 
22 3.475 20 46 
23 3.479 20 46 
24 3.476 20 46 
25 3.477 20 46 
26 3.478 20 46 
27 3.476 20 46 
28 3.476 20 46 
29 3.477 20 46 
30 3.479 20 45 
31 3.477 20 45 
32 3.477 20 45 
33 3.48 20 45 
34 3.478 20 45 
35 3.477 20 45 
36 3.478 20 44 
37 3.477 20 45 
38 3.476 20 45 
39 3.478 20 44 
40 3.48 20 45 
41 3.477 20 45 
42 3.478 20 45 
43 3.476 20 45 
44 3.478 20 45 
45 3.477 20 45 
46 3.477 20 45 
47 3.478 20 44 
48 3.476 20 44 
49 3.48 20 44 
50 3.475 20 44 
51 3.479 20 44 
52 3.476 20 44 
53 3.479 20 44 
54 3.479 20 45 
55 3.48 20 44 
56 3.481 20 44 
57 3.478 20 44 
58 3.478 20 44 
59 3.479 20 44 
60 3.478 20 44 
61 3.479 20 44 
62 3.481 20 43 
63 3.481 20 44 
64 3.478 20 44 
65 3.481 20 44 
66 3.481 20 44 
67 3.477 20 44 
68 3.477 20 44 
69 3.48 20 43 
70 3.478 20 44 
71 3.479 20 43 
72 3.478 20 44 
73 3.481 20 42 
74 3.482 20 43 
75 3.481 20 43 
76 3.479 20 42 
77 3.48 20 43 
78 3.479 20 44 
79 3.481 20 43 
80 3.48 20 35 
81 3.477 20 32 
82 3.48 20 43 
83 3.479 20 43 
84 3.481 20 43 
85 3.48 20 44 
86 3.48 20 43 
87 3.481 20 43 
88 3.478 20 43 
89 3.478 20 43 
90 3.479 20 43 
91 3.481 20 44 
92 3.48 20 43 
93 3.48 20 44 
94 3.48 20 44 
95 3.48 20 44 
96 3.482 20 44 
97 3.482 20 44 
98 3.48 20 44 
99 3.481 20 44 
100 3.48 20 45 
101 3.48 20 45 
102 3.482 20 44 
103 3.479 20 44 
104 3.482 19 45 
105 3.482 20 45 
106 3.482 20 45 
107 3.484 20 45 
108 3.481 20 45 
109 3.483 20 45 
110 3.482 20 45 
111 3.481 20 45 
112 3.482 20 45 
113 3.483 20 45 
114 3.483 20 45 
115 3.482 20 45 
116 3.482 20 45 
117 3.484 20 45 
118 3.483 19 45 
119 3.483 19 45 
120 3.486 19 45 
121 3.484 19 45 
122 3.482 20 45 
123 3.483 20 45 
124 3.482 19 45 
125 3.482 20 45 
126 3.482 20 45 
127 3.483 20 46 
128 3.482 20 45 
129 3.482 20 46 
130 3.483 19 46 
131 3.483 19 45 
132 3.482 20 45 
133 3.484 20 46 
134 3.483 19 45 
135 3.483 20 45 
136 3.482 19 45 
137 3.482 19 45 
138 3.485 20 45 
139 3.483 19 45 
140 3.485 20 39 
141 3.483 19 39 
142 3.484 20 46 
143 3.482 19 46 
144 3.483 20 46 
145 3.486 19 46 
146 3.482 19 46 
147 3.484 19 46 
148 3.483 19 46 
149 3.483 19 46 
150 3.484 19 46 
151 3.487 19 46 
152 3.481 19 46 
153 3.484 19 46 
154 3.484 19 46 
155 3.484 19 46 
156 3.483 19 46 
157 3.482 19 46 
158 3.482 19 41 
159 3.485 19 40 
160 3.483 19 46 
161 3.485 19 46 
162 3.485 19 46 
163 3.484 19 46 
164 3.485 19 46 
165 3.484 19 46 
166 3.483 19 46 
167 3.486 19 46 
168 3.484 19 46 
169 3.483 19 46 
170 3.484 19 46 
171 3.484 19 46 
172 3.485 19 46 
173 3.483 19 46 
174 3.479 19 46 
175 3.48 19 46 
176 3.485 19 46 
177 3.484 19 46 
178 3.483 19 46 
179 3.482 19 46 
180 3.484 19 46 
181 3.482 19 46 
182 3.482 19 46 
183 3.481 19 46 
184 3.485 19 46 
185 3.481 19 46 
186 3.482 19 46 
187 3.483 19 46 
188 3.479 19 46 
189 3.484 19 46 
190 3.48 19 46 
191 3.48 19 46 
192 3.483 19 46 
193 3.482 19 46 
194 3.48 19 46 
195 3.48 19 46 
196 3.482 19 46 
197 3.483 19 46 
198 3.481 19 46 
199 3.483 19 46 
200 3.48 19 46 
201 3.483 19 46 
202 3.481 19 46 
203 3.482 19 46 
204 3.479 19 46 
205 3.482 19 46 
206 3.481 19 46 
207 3.484 19 46 
208 3.481 19 46 
209 3.482 19 46 
210 3.477 19 46 
211 3.478 19 46 
212 3.483 19 46 
213 3.482 19 46 
214 3.478 19 46 
215 3.479 19 46 
216 3.48 19 46 
217 3.48 19 46 
218 3.481 19 46 
219 3.482 19 46 
220 3.48 19 46 
221 3.479 19 46 
222 3.48 19 46 
223 3.48 19 46 
224 3.478 19 46 
225 3.481 19 46 
226 3.481 19 46 
227 3.481 19 46 
228 3.478 19 46 
229 3.479 19 46 
230 3.478 19 46 
231 3.479 19 46 
232 3.479 19 46 
233 3.478 19 46 
234 3.481 19 46 
235 3.481 19 46 
236 3.479 19 46 
237 3.48 19 46 
238 3.48 19 46 
239 3.48 19 46 
240 3.481 19 46 
241 3342 20 58 
242 3.478 19 45 
243 3.478 19 46 
244 3.479 19 45 
245 3.478 19 45 
246 3.479 19 46 
247 3.477 19 46 
248 3.477 19 46 
249 3.477 19 46 
250 3.478 19 46 
251 3.477 19 46 
252 3.476 19 45 
253 3.479 19 45 
254 3.477 19 45 
255 3.477 19 45 
256 3.477 19 45 
257 3.475 19 45 
258 3.479 19 46 
259 3.48 19 46 
260 3.478 19 46 
261 3.476 19 46 
262 3.477 19 46 
263 3.475 19 46 
264 3.478 19 45 
265 3.476 19 45 
266 3.477 19 45 
267 3.478 19 45 
268 3.478 19 45 
269 3.476 19 45 
270 3.477 19 45 
271 3.476 19 45 
272 3.477 19 45 
273 3.476 19 45 
274 3.478 19 45 
275 3.476 19 45 
276 3.477 19 45 
277 3.474 19 45 
278 3.477 19 45 
279 3.478 19 45 
280 3.475 19 45 
281 3.473 19 45 
282 3.475 19 45 
283 3.475 19 45 
284 3.475 19 45 
285 3.476 19 45 
286 3.476 19 45 
287 3.477 19 45 
288 3.476 19 45 
289 3.474 19 45 
290 3.475 19 45 
291 3.477 19 45 
292 3.475 19 45 
293 3.474 19 45 
294 3.475 19 45 
295 3.475 19 45 
296 3.477 19 45 
297 3.477 19 45 
298 3.475 19 45 
299 3.474 19 45 
300 3.474 19 45 
301 3.474 19 45 
302 3.473 19 45 
303 3.473 19 45 
304 3.471 19 45 
305 3.473 19 45 
306 3.475 19 45 
307 3.475 19 45 
308 3.476 19 46 
309 3.472 19 46 
310 3.472 19 46 
311 3.472 19 46 
312 3.473 19 46 
313 3.474 19 46 
314 3.471 19 46 
315 3.473 19 46 
316 3.472 19 46 
317 3.472 19 46 
318 3.472 19 46 
319 3.469 19 46 
320 3.472 19 46 
321 3.473 18 47 
322 3.475 19 46 
323 3.472 19 46 
324 3.474 19 46 
325 3.474 19 46 
326 3.472 19 46 
327 3.47 19 46 
328 3.472 18 47 
329 3.473 19 46 
330 3.472 19 46 
331 3.471 18 47 
332 3.471 19 46 
333 3.471 18 47 
334 3.474 18 47 
335 3.469 18 47 
336 3.473 18 47 
337 3.472 18 42 
338 3.469 18 48 
339 3.469 18 48 
340 3.469 18 48 
341 3.471 18 48 
342 3.47 18 48 
343 3.469 18 48 
344 3.47 18 48 
345 3.466 18 48 
346 3.47 18 48 
347 3.469 18 48 
348 3.471 18 48 
349 3.47 18 48 
350 3.468 18 48 
351 3.469 18 48 
352 3.467 18 48 
353 3.47 18 48 
354 3.469 18 48 
355 3.468 18 48 
356 3.466 18 48 
357 3.467 18 48 
358 3.467 18 48 
359 3.468 18 48 
360 3.466 18 49 
361 3.466 18 49 
362 3.468 18 49 
363 3.464 18 49 
364 3.468 18 49 
365 3.468 18 49 
366 3.468 18 49 
367 3.467 18 49 
368 3.466 18 49 
369 3.465 18 49 
370 3.467 18 49 
371 3.463 18 49 
372 3.467 18 49 
373 3.464 18 49 
374 3.465 18 49 
375 3.464 18 49 
376 3.464 18 49 
377 3.463 18 49 
378 3.463 18 49 
379 3.464 18 49 
380 3.466 18 49 
381 3.465 18 49 
382 3.463 18 49 
383 3.463 18 49 
384 3.466 18 49 
385 3.462 18 49 
386 3.465 18 49 
387 3.463 18 49 
388 3.465 18 49 
389 3.462 18 50 
390 3.462 18 50 
391 3.464 18 50 
392 3.462 18 50 
393 3.461 18 50 
394 3.463 18 50 
395 3.463 18 50 
396 3.461 18 50 
397 3.461 18 50 
398 3.462 18 50 
399 3.462 18 46 
400 3.464 18 47 
401 3.459 18 46 
402 3.463 18 50 
403 3.46 18 50 
404 3.46 18 50 
405 3.458 18 50 
406 3.461 18 50 
407 3.46 18 50 
408 3.461 18 50 
409 3.459 17 50 
410 3.456 17 50 
411 3.458 17 50 
412 3.46 17 50 
413 3.459 17 50 
414 3.46 17 50 
415 3.458 17 50 
416 3.458 18 50 
417 3.459 18 50 
418 3.459 17 50 
419 3.458 17 50 
420 3.457 17 50 
421 3.457 18 51 
422 3.457 17 50 
423 3.458 18 51 
424 3.457 18 51 
425 3.461 17 51 
426 3.458 18 51 
427 3.458 18 51 
428 3.456 18 52 
429 3.455 18 52 
430 3.454 18 52 
431 3.456 17 52 
432 3.457 17 52 
433 3.454 17 52 
434 3.456 18 53 
435 3.458 18 52 
436 3.453 17 53 
437 3.458 17 52 
438 3.456 18 53 
439 3.455 17 53 
440 3.456 18 53 
441 3.456 17 53 
442 3.455 17 53 
443 3.455 17 53 
444 3.454 17 53 
445 3.456 17 53 
446 3.452 18 53 
447 3.453 17 53 
448 3.454 17 53 
449 3.453 17 53 
450 3.451 17 53 
451 3.454 17 53 
452 3.453 17 53 
453 3.453 17 53 
454 3.452 17 53 
455 3.453 17 52 
456 3.451 17 53 
457 3.452 17 53 
458 3.452 17 53 
459 3.455 17 53 
460 3.452 17 52 
461 3.448 17 52 
462 3.452 17 52 
463 3.451 17 52 
464 3.452 17 52 
465 3.45 17 52 
466 3.451 17 52 
467 3.447 17 52 
468 3.45 17 52 
469 3.449 17 52 
470 3.45 17 52 
471 3.448 17 52 
472 3.448 17 52 
473 3.451 17 52 
474 3.449 17 52 
475 3.447 17 52 
476 3.448 17 52 
477 3.446 17 52 
478 3.445 17 52 
479 3.447 17 52 
480 3.448 17 52 
481 3.449 17 52 
482 3.446 17 52 
483 3.448 17 52 
484 3.447 17 52 
485 3.448 17 52 
486 3.448 17 52 
487 3.445 17 52 
488 3.446 17 52 
489 3.447 17 52 
490 3.445 17 52 
491 3.446 17 52 
492 3.445 17 52 
493 3.446 17 52 
494 3.444 17 52 
495 3.444 17 52 
496 3.443 17 52 
497 3.445 17 52 
498 3.446 17 52 
499 3.443 17 52 
500 3.442 17 52 
501 3.445 17 52 
502 3.444 17 52 
503 3.442 17 52 
504 3.445 17 52 
505 3.444 17 52 
506 3.441 17 52 
507 3.443 17 52 
508 3.443 17 52 
509 3.442 17 52 
510 3.441 17 52 
511 3.442 17 52 
512 3.444 17 52 
513 3.442 17 52 
514 3.443 17 52 
515 3.445 17 52 
516 3.439 17 52 
517 3.444 17 52 
518 3.442 17 52 
519 3.44 17 52 
520 3.44 17 52 
521 3.441 17 52 
522 3.441 17 52 
523 3.442 17 52 
524 3.442 17 52 
525 3.439 17 52 
526 3.444 17 52 
527 3.441 17 52 
528 3.441 17 52 
529 3.439 17 53 
530 3.44 17 53 
531 3.439 17 53 
532 3.439 17 53 
533 3.441 17 53 
534 3.439 17 53 
535 3.44 17 52 
536 3.439 17 52 
537 3.439 17 52 
538 3.439 17 52 
539 3.44 17 52 
540 3.437 17 52 
541 3.44 17 52 
542 3.44 17 52 
543 3.44 17 52 
544 3.437 17 52 
545 3.439 17 52 
546 3.439 17 52 
547 3.439 17 52 
548 3.439 17 52 
549 3.437 17 52 
550 3.436 17 52 
551 3.437 17 52 
552 3.438 17 52 
553 3.436 17 52 
554 3.437 17 52 
555 3.436 17 52 
556 3.438 17 52 
557 3.435 17 52 
558 3.437 17 52 
559 3.435 17 52 
560 3.435 17 52 
561 3.434 17 52 
562 3.438 17 52 
563 3.436 17 52 
564 3.433 17 52 
565 3.436 17 52 
566 3.436 17 52 
567 3.433 17 52 
568 3.435 17 52 
569 3.434 17 52 
570 3.432 17 52 
571 3.434 17 52 
572 3.433 17 52 
573 3.433 17 52 
574 3.433 17 52 
575 3.433 17 52 
576 3.433 17 52 
577 3.43 17 52 
578 3.434 17 53 
579 3.433 17 53 
580 3.431 17 53 
581 3.431 17 53 
582 3.433 17 53 
583 3.433 17 53 
584 3.431 17 53 
585 3.433 17 53 
586 3.433 17 53 
587 3.434 17 53 
588 3.432 17 53 
589 3.433 17 53 
590 3.431 17 53 
591 3.432 17 53 
592 3.435 17 53 
593 3.429 17 53 
594 3.433 17 54 
595 3.433 17 54 
596 3.432 17 54 
597 3.431 17 54 
598 3.429 17 54 
599 3.432 17 54 
600 3.43 17 54 
601 3.429 17 55 
602 3.428 17 55 
603 3.428 17 54 
604 3.432 17 55 
605 3.428 17 54 
606 3.43 17 55 
607 3.431 17 54 
608 3.43 17 54 
609 3.429 17 54 
610 3.429 17 54 
611 3.431 17 55 
612 3.428 17 55 
613 3.429 17 55 
614 3.43 17 55 
615 3.429 17 55 
616 3.429 17 55 
617 3.43 17 55 
618 3.429 17 55 
619 3.429 17 55 
620 3.428 17 55 
621 3.428 17 57 
622 3.427 17 57 
623 3.429 17 56 
624 3.427 17 56 
625 3.427 17 56 
626 3.425 17 56 
627 3.426 17 56 
628 3.427 17 56 
629 3.428 17 56 
630 3.429 17 56 
631 3.428 17 57 
632 3.428 17 58 
633 3.427 17 58 
634 3.428 17 57 
635 3.427 17 57 
636 3.427 17 56 
637 3.425 17 55 
638 3.426 17 55 
639 3.426 17 55 
640 3.426 17 48 
641 3.425 17 48 
642 3.423 17 55 
643 3.426 17 54 
644 3.426 17 54 
645 3.425 17 54 
646 3.425 17 54 
647 3.423 17 54 
648 3.425 17 54 
649 3.428 17 55 
650 3.426 17 54 
651 3.427 17 54 
652 3.424 17 54 
653 3.425 17 55 
654 3.427 17 55 
655 3.424 17 55 
656 3.424 17 55 
657 3.424 17 54 
658 3.425 17 54 
659 3.422 17 54 
660 3.425 17 54 
661 3.424 17 54 
662 3.425 17 54 
663 3.424 17 54 
664 3.422 17 54 
665 3.424 16 55 
666 3.423 17 54 
667 3.423 16 55 
668 3.421 17 54 
669 3.422 17 54 
670 3.424 16 54 
671 3.422 17 53 
672 3.424 16 54 
673 3.422 16 54 
674 3.422 17 53 
675 3.423 16 54 
676 3.424 16 55 
677 3.426 16 55 
678 3.423 16 55 
679 3.421 17 54 
680 3.421 16 55 
681 3.42 16 55 
682 3.422 16 55 
683 3.423 16 55 
684 3.423 16 55 
685 3.422 16 55 
686 3.422 16 54 
687 3.421 16 55 
688 3.42 16 54 
689 3.42 16 55 
690 3.42 16 56 
691 3.419 16 56 
692 3.417 16 55 
693 3.421 16 55 
694 3.419 16 54 
695 3.422 16 54 
696 3.419 16 54 
697 3.42 16 54 
698 3.421 16 54 
699 3.421 16 54 
700 3.419 16 54 
701 3.419 16 54 
702 3.418 16 55 
703 3.42 16 54 
704 3.421 16 54 
705 3.418 16 54 
706 3.42 16 54 
707 3.418 16 55 
708 3.419 16 54 
709 3.42 16 54 
710 3.417 16 54 
711 3.416 16 54 
712 3.42 16 54 
713 3.418 16 54 
714 3.418 16 54 
715 3.419 16 54 
716 3.419 16 55 
717 3.419 16 55 
718 3.418 16 55 
719 3.419 16 55 
720 3.416 16 55 
721 3.418 16 55 
722 3.416 16 55 
723 3.417 16 46 
724 3.417 16 55 
725 3.414 16 55 
726 3.418 16 55 
727 3.419 16 55 
728 3.416 16 55 
729 3.417 16 55 
730 3.417 16 55 
731 3.416 16 55 
732 3.419 16 55 
733 3.416 16 55 
734 3.416 16 55 
735 3.418 16 55 
736 3.415 16 55 
737 3.416 16 55 
738 3.418 16 55 
739 3.416 16 55 
740 3.416 16 55 
741 3.416 16 55 
742 3.416 16 55 
743 3.418 16 55 
744 3.414 16 55 
745 3.416 16 55 
746 3.417 16 56 
747 3.414 16 56 
748 3.415 16 55 
749 3.415 16 55 
750 3.415 16 55 
751 3.413 16 55 
752 3.415 16 55 
753 3.415 16 55 
754 3.413 16 56 
755 3.414 16 55 
756 3.415 16 56 
757 3.414 16 56 
758 3.411 16 56 
759 3.414 16 56 
760 3.417 16 56 
761 3.412 16 56 
762 3.413 16 56 
763 3.415 16 57 
764 3.414 16 57 
765 3.415 16 57 
766 3.414 16 57 
767 3.413 16 57 
768 3.413 16 57 
769 3.416 16 57 
770 3.416 16 57 
771 3.412 16 56 
772 3.415 16 56 
773 3.414 16 55 
774 3.414 16 55 
775 3.414 16 55 
776 3.415 16 55 
777 3.414 16 54 
778 3.413 16 54 
779 3.412 16 54 
780 3.412 16 54 
781 3.412 16 54 
782 3.413 16 54 
783 3.413 16 53 
784 3.413 16 53 
785 3.411 16 53 
786 3.413 16 53 
787 3.414 16 53 
788 3.415 16 53 
789 3.415 16 53 
790 3.413 16 53 
791 3.415 16 53 
792 3.412 16 53 
793 3.411 16 53 
794 3.414 16 53 
795 3.414 16 53 
796 3.413 16 53 
797 3.415 16 53 
798 3.409 16 53 
799 3.413 16 53 
800 3.412 16 53 
801 3.412 16 53 
802 3.413 16 53 
803 3.414 16 53 
804 3.415 16 53 
805 3.414 16 53 
806 3.412 16 53 
807 3.413 16 53 
808 3.416 16 53 
809 3.413 16 53 
810 3.412 16 53 
811 3.414 16 53 
812 3.411 16 54 
813 3.416 16 54 
814 3.414 16 53 
815 3.414 16 54 
816 3.412 16 54 
817 3.413 16 53 
818 3.412 16 54 
819 3.414 16 53 
820 3.413 16 54 
821 3.41 16 54 
822 3.414 16 54 
823 3.413 16 54 
824 3.415 16 54 
825 3.413 16 54 
826 3.411 16 54 
827 3.415 16 54 
828 3.413 16 54 
829 3.416 16 54 
830 3.413 16 54 
831 3.415 16 54 
832 3.412 16 54 
833 3.413 16 54 
834 3.416 16 54 
835 3.416 16 54 
836 3.416 16 54 
837 3.415 16 54 
838 3.416 16 54 
839 3.416 16 54 
840 3.414 16 54 
841 3.414 16 55 
842 3.416 16 55 
843 3.414 16 55 
844 3.414 16 55 
845 3.413 16 55 
846 3.411 16 55 
847 3.418 16 55 
848 3.414 16 55 
849 3.413 16 55 
850 3.415 16 56 
851 3.413 16 56 
852 3.418 16 56 
853 3.417 16 55 
854 3.418 16 56 
855 3.415 16 56 
856 3.413 16 56 
857 3.416 16 56 
858 3.416 16 56 
859 3.415 16 56 
860 3.416 16 56 
861 3.414 16 56 
862 3.412 16 56 
863 3.417 17 55 
864 3.418 17 55 
865 3.416 16 56 
866 3.416 17 55 
867 3.417 16 56 
868 3.417 16 56 
869 3.415 17 55 
870 3.417 17 55 
871 3.413 17 55 
872 3.414 17 55 
873 3.416 17 55 
874 3.417 17 55 
875 3.417 17 55 
876 3.419 17 55 
877 3.418 17 55 
878 3.418 17 55 
879 3.417 17 55 
880 3.417 17 51 
881 3.416 17 47 
882 3.416 17 51 
883 3.417 17 56 
884 3.417 17 56 
885 3.415 17 56 
886 3.417 17 56 
887 3.416 17 56 
888 3.415 17 56 
889 3.417 17 56 
890 3.416 17 56 
891 3.416 17 56 
892 3.419 17 56 
893 3.418 17 56 
894 3.42 17 56 
895 3.419 17 56 
896 3.421 17 56 
897 3.417 17 56 
898 3.419 17 56 
899 3.419 17 56 
900 3.42 17 57 
901 3.416 17 57 
902 3.418 17 56 
903 3.42 17 56 
904 3.418 17 56 
905 3.419 17 56 
906 3.419 17 56 
907 3.422 17 57 
908 3.422 17 56 
909 3.422 17 57 
910 3.42 17 57 
911 3.422 17 57 
912 3.421 17 56 
913 3.425 17 56 
914 3.425 17 56 
915 3.425 17 56 
916 3.428 17 56 
917 3.426 17 55 
918 3.428 17 55 
919 3.427 17 55 
920 3.427 17 55 
921 3.431 17 54 
922 3.43 17 55 
923 3.431 17 54 
924 3.43 18 54 
925 3.43 18 54 
926 3.431 18 54 
927 3.431 18 54 
928 3.43 18 54 
929 3.434 18 54 
930 3.432 18 54 
931 3.433 18 54 
932 3.435 18 54 
933 3.435 18 53 
934 3.436 18 53 
935 3.437 18 53 
936 3.437 18 53 
937 3.436 18 54 
938 3.439 18 53 
939 3.439 18 53 
940 3.439 18 53 
941 3.44 18 53 
942 3.441 19 52 
943 3.442 19 52 
944 3.442 19 52 
945 3.441 19 52 
946 3.442 19 52 
947 3.443 19 52 
948 3.441 19 52 
949 3.443 19 52 
950 3.444 19 52 
951 3.444 19 52 
952 3.445 19 52 
953 3.441 19 52 
954 3.443 19 52 
955 3.443 19 52 
956 3.442 19 52 
957 3.443 19 51 
958 3.444 19 51 
959 3.443 19 51 
960 3.445 19 51 
961 3.447 19 51 
962 3.445 19 51 
963 3.446 19 51 
964 3.448 19 51 
965 3.447 19 51 
966 3.445 19 51 
967 3.45 19 51 
968 3.45 19 51 
969 3.449 19 51 
970 3.448 19 51 
971 3.45 19 51 
972 3.451 19 51 
973 3.452 19 51 
974 3.45 19 51 
975 3.452 19 51 
976 3.45 19 51 
977 3.451 19 51 
978 3.452 19 51 
979 3.452 19 51 
980 3.453 19 51 
981 3.451 19 51 
982 3.452 19 51 
983 3.453 19 51 
984 3.453 19 51 
985 3.455 19 51 
986 3.456 19 51 
987 3.455 19 51 
988 3.457 19 51 
989 3.452 19 51 
990 3.456 19 51 
991 3.454 19 51 
992 3.457 19 51 
993 3.456 19 51 
994 3.457 19 51 
995 3.456 19 51 
996 3.454 19 51 
997 3.457 19 51 
998 3.455 19 51 
999 3.458 19 51 
1000 3.456 19 51 
1001 3.457 19 51 
1002 3.459 19 51 
1003 3.458 19 51 
1004 3.462 19 51 
1005 3.46 19 51 
1006 3.458 19 51 
1007 3.46 19 51 
1008 3.459 19 51 
1009 3.459 19 51 
1010 3.46 19 51 
1011 3.461 19 51 
1012 3.461 19 51 
1013 3.459 19 51 
1014 3.461 19 51 
1015 3.46 19 51 
1016 3.462 19 51 
1017 3.459 19 51 
1018 3.46 19 51 
1019 3.46 20 51 
1020 3.462 19 51 
1021 3.464 19 51 
1022 3.462 19 51 
1023 3.461 19 51 
1024 3.462 19 51 
1025 3.464 19 51 
1026 3.462 19 51 
1027 3.463 19 51 
1028 3.462 19 51 
1029 3.463 19 51 
1030 3.463 19 51 
1031 3.464 19 51 
1032 3.464 19 51 
1033 3.467 19 51 
1034 3.464 19 51 
1035 3.466 20 51 
1036 3.466 19 51 
1037 3.465 19 51 
1038 3.467 20 51 
1039 3.467 19 51 
1040 3.463 19 51 
1041 3.464 19 51 
1042 3.464 19 51 
1043 3.467 19 51 
1044 3.467 19 51 
1045 3.465 19 51 
1046 3.467 19 51 
1047 3.465 19 51 
1048 3.468 19 51 
1049 3.469 19 51 
1050 3.469 19 51 
1051 3.467 19 51 
1052 3.468 19 51 
1053 3.469 19 51 
1054 3.469 19 51 
1055 3.469 19 51 
1056 3.471 19 51 
1057 3.469 19 51 
1058 3.47 20 51 
1059 3.468 19 51 
1060 3.469 20 51 
1061 3.468 19 50 
1062 3.471 20 50 
1063 3.469 19 50 
1064 3.471 19 50 
1065 3.471 19 50 
1066 3.469 19 50 
1067 3.474 19 50 
1068 3.471 19 50 
1069 3.472 19 50 
1070 3.47 20 50 
1071 3.471 19 50 
1072 3.471 20 51 
1073 3.471 20 51 
1074 3.47 19 50 
1075 3.474 20 51 
1076 3.472 19 50 
1077 3.473 19 50 
1078 3.473 20 51 
1079 3.471 20 51 
1080 3.472 19 50 
1081 3.473 20 51 
1082 3.471 19 51 
1083 3.476 20 50 
1084 3.473 19 50 
1085 3.474 20 50 
1086 3.475 19 50 
1087 3.474 19 50 
1088 3.474 20 50 
1089 3.476 19 50 
1090 3.473 19 50 
1091 3.473 19 50 
1092 3.474 20 50 
1093 3.476 20 50 
1094 3.476 19 50 
1095 3.475 20 50 
1096 3.474 20 50 
1097 3.474 19 50 
1098 3.474 19 50 
1099 3.476 20 50 
1100 3.476 19 50 
1101 3.477 19 50 
1102 3.475 20 50 
1103 3.477 20 50 
1104 3.476 20 50 
1105 3.478 19 50 
1106 3.476 20 50 
1107 3.476 19 50 
1108 3.476 20 50 
1109 3.479 20 50 
1110 3.476 20 50 
1111 3.477 19 50 
1112 3.477 19 50 
1113 3.477 20 50 
1114 3.477 19 50 
1115 3.478 19 50 
1116 3.478 19 50 
1117 3.476 19 50 
1118 3.477 19 50 
1119 3.477 19 50 
1120 3.476 19 50 
1121 3.476 19 47 
1122 3.478 20 45 
1123 3.477 19 47 
1124 3.476 19 50 
1125 3.48 19 50 
1126 3.479 19 50 
1127 3.476 19 51 
1128 3.478 19 51 
1129 3.479 19 51 
1130 3.481 19 51 
1131 3.479 19 51 
1132 3.48 19 51 
1133 3.482 19 51 
1134 3.48 19 51 
1135 3.478 19 51 
1136 3.483 19 51 
1137 3.48 19 51 
1138 3.478 19 51 
1139 3.478 19 51 
1140 3.48 19 51 
1141 3.481 19 51 
1142 3.479 19 51 
1143 3.478 19 51 
1144 3.482 19 51 
1145 3.482 20 51 
1146 3.482 19 51 
1147 3.48 19 51 
1148 3.477 19 51 
1149 3.482 20 51 
1150 3.484 20 51 
1151 3.48 20 51 
1152 3.481 20 51 
1153 3.481 19 51 
1154 3.483 19 51 
1155 3.483 19 51 
1156 3.48 20 51 
1157 3.48 19 51 
1158 3.481 20 51 
1159 3.479 20 51 
1160 3.481 19 51 
1161 3.482 20 51 
1162 3.481 20 51 
1163 3.484 19 51 
1164 3.481 19 51 
1165 3.483 20 51 
1166 3.481 19 51 
1167 3.481 20 51 
1168 3.482 19 51 
1169 3.485 20 51 
1170 3.485 20 51 
1171 3.484 19 51 
1172 3.48 19 51 
1173 3.484 20 51 
1174 3.484 19 51 
1175 3.482 20 51 
1176 3.484 19 51 
1177 3.486 19 51 
1178 3.485 19 51 
1179 3.483 19 51 
1180 3.486 20 51 
1181 3.482 19 51 
1182 3.485 20 51 
1183 3.485 20 51 
1184 3.482 20 51 
1185 3.483 19 51 
1186 3.485 19 51 
1187 3.488 19 51 
1188 3.483 20 51 
1189 3.484 19 51 
1190 3.483 19 51 
1191 3.485 20 52 
1192 3.486 20 52 
1193 3.484 20 52 
1194 3.484 20 52 
1195 3.485 20 52 
1196 3.486 20 52 
1197 3.484 20 52 
1198 3.486 20 52 
1199 3.483 19 52 
1200 3.485 20 52 
1201 3.484 20 52 
1202 3.485 19 52 
1203 3.485 20 52 
1204 3.485 20 52 
1205 3.486 20 45 
1206 3.485 20 52 
1207 3.483 20 52 
1208 3.484 20 52 
1209 3.486 20 52 
1210 3.487 20 52 
1211 3.485 20 52 
1212 3.486 19 52 
1213 3.485 19 52 
1214 3.488 19 52 
1215 3.487 19 52 
1216 3.487 20 53 
1217 3.485 20 53 
1218 3.48 20 53 
1219 3.486 20 53 
1220 3.485 20 53 
1221 3.486 19 53 
1222 3.487 20 53 
1223 3.486 20 53 
1224 3.487 20 53 
1225 3.486 20 53 
1226 3.487 20 53 
1227 3.485 20 53 
1228 3.488 20 53 
1229 3.485 20 53 
1230 3.486 20 54 
1231 3.485 20 53 
1232 3.485 20 53 
1233 3.487 20 54 
1234 3.487 20 54 
1235 3.485 20 53 
1236 3.486 20 54 
1237 3.485 20 54 
1238 3.485 20 53 
1239 3.487 20 53 
1240 3.486 20 54 
1241 3.486 20 54 
1242 3.484 20 53 
1243 3.484 20 53 
1244 3.488 20 53 
1245 3.485 20 54 
1246 3.488 20 54 
1247 3.489 20 54 
1248 3.486 20 54 
1249 3.487 20 54 
1250 3.489 20 54 
1251 3.488 20 54 
1252 3.49 20 54 
1253 3.487 20 54 
1254 3.488 20 54 
1255 3.488 20 53 
1256 3.485 20 54 
1257 3.488 20 54 
1258 3.486 20 54 
1259 3.489 20 54 
1260 3.49 20 54 
1261 3.489 20 54 
1262 3.489 20 54 
1263 3.486 20 54 
1264 3.489 20 54 
1265 3.485 20 54 
1266 3.489 20 54 
1267 3.49 20 54 
1268 3.486 20 54 
1269 3.488 20 54 
1270 3.485 20 54 
1271 3.488 20 54 
1272 3.489 20 54 
1273 3.485 20 55 
1274 3.486 20 54 
1275 3.488 20 55 
1276 3.488 20 55 
1277 3.487 20 55 
1278 3.489 20 55 
1279 3.488 20 55 
1280 3.488 20 55 
1281 3.489 20 55 
1282 3.488 20 56 
1283 3.489 20 56 
1284 3.491 20 56 
1285 3.489 20 56 
1286 3.488 20 56 
1287 3.488 20 56 
1288 3.488 20 56 
1289 3.489 20 56 
1290 3.491 20 56 
1291 3.489 20 56 
1292 3.486 20 56 
1293 3.486 20 56 
1294 3.488 20 56 
1295 3.487 20 57 
1296 3.49 20 56 
1297 3.486 20 56 
1298 3.488 20 57 
1299 3.486 20 57 
1300 3.491 20 57 
1301 3.491 20 57 
1302 3.49 20 57 
1303 3.488 20 57 
1304 3.491 20 57 
1305 3.488 20 57 
1306 3.487 20 57 
1307 3.488 20 57 
1308 3.486 20 57 
1309 3.489 20 57 
1310 3.491 20 57 
1311 3.49 20 57 
1312 3.49 20 57 
1313 3.489 20 57 
1314 3.489 20 57 
1315 3.488 20 57 
1316 3.486 20 57 
1317 3.489 20 57 
1318 3.492 20 57 
1319 3.487 20 57 
1320 3.489 20 57 
1321 3.489 20 57 
1322 3.489 20 57 
1323 3.489 20 57 
1324 3.491 20 57 
1325 3.49 20 57 
1326 3.488 20 57 
1327 3.489 20 57 
1328 3.493 20 57 
1329 3.49 20 57 
1330 3.49 20 57 
1331 3.488 20 57 
1332 3.491 20 57 
1333 3.488 20 57 
1334 3.488 20 57 
1335 3.487 20 57 
1336 3.491 20 57 
1337 3.488 20 57 
1338 3.492 20 57 
1339 3.489 20 57 
1340 3.487 20 57 
1341 3.493 20 57 
1342 3.49 20 57 
1343 3.49 20 57 
1344 3.487 20 58 
1345 3.487 20 57 
1346 3.489 20 58 
1347 3.491 20 58 
1348 3.49 20 57 
1349 3.489 20 58 
1350 3.489 20 57 
1351 3.491 20 57 
1352 3.491 20 57 
1353 3.489 20 57 
1354 3.489 20 58 
1355 3.489 20 57 
1356 3.49 20 57 
1357 3.49 20 57 
1358 3.491 20 57 
1359 3.491 20 57 
1360 3.49 20 57 
1361 3.489 20 57 
1362 3.491 20 51 
1363 3.488 20 49 
1364 3.492 20 51 
1365 3.492 20 57 
1366 3.491 20 57 
1367 3.49 20 57 
1368 3.49 20 57 
1369 3.49 20 57 
1370 3.488 20 57 
1371 3.489 20 57 
1372 3.488 20 57 
1373 3.493 20 57 
1374 3.49 20 57 
1375 3.49 20 57 
1376 3.491 20 57 
1377 3.491 20 57 
1378 3.491 20 57 
1379 3.491 20 57 
1380 3.487 20 57 
1381 3.489 20 57 
1382 3.49 20 57 
1383 3.491 20 57 
1384 3.489 20 57 
1385 3.489 20 57 
1386 3.49 20 56 
1387 3.487 20 56 
1388 3.49 20 57 
1389 3.487 20 56 
1390 3.488 20 56 
1391 3.489 20 56 
1392 3.49 20 56 
1393 3.49 20 56 
1394 3.492 20 56 
1395 3.492 20 56 
1396 3.492 20 56 
1397 3.49 20 56 
1398 3.492 20 56 
1399 3.49 20 56 
1400 3.489 20 56 
1401 3.489 20 56 
1402 3.489 20 56 
1403 3.489 20 56 
1404 3.491 20 56 
1405 3.489 20 56 
1406 3.488 20 56 
1407 3.49 20 56 
1408 3.489 20 56 
1409 3.49 20 56 
1410 3.489 20 56 
1411 3.49 20 56 
1412 3.492 20 56 
1413 3.489 20 56 
1414 3.492 20 56 
1415 3.49 20 56 
1416 3.492 20 56 
1417 3.491 20 56 
1418 3.491 20 56 
1419 3.493 20 56 
1420 3.489 20 56 
1421 3.492 20 56 
1422 3.49 20 56 
1423 3.49 20 56 
1424 3.489 20 56 
1425 3.493 20 56 
1426 3.491 20 56 
1427 3.491 20 56 
1428 3.491 20 56 
1429 3.49 20 56 
1430 3.489 20 56 
1431 3.49 20 56 
1432 3.491 20 57 
1433 3.492 20 56 
1434 3.49 20 56 
1435 3.491 20 56 
1436 3.49 20 57 
1437 3.489 20 57 
1438 3.49 20 57 
1439 3.489 20 57 
1440 3.491 20 57 
1441 3.49 20 57 
1442 3.488 20 57 
1443 3.49 20 57 
1444 3.492 20 57 
1445 3.491 20 57 
1446 3.49 20 57 
1447 3.491 20 57 
1448 3.488 20 58 
1449 3.491 20 58 
1450 3.49 20 58 
1451 3.489 20 58 
1452 3.49 20 58 
1453 3.49 20 58 
1454 3.49 20 58 
1455 3.492 20 58 
1456 3.489 20 58 
1457 3.49 20 58 
1458 3.489 20 58 
1459 3.492 20 58 
1460 3.492 20 58 
1461 3.488 20 58 
1462 3.491 20 58 
1463 3.49 20 58 
1464 3.491 20 58 
1465 3.491 20 58 
1466 3.491 20 58 
1467 3.491 20 58 
1468 3.491 20 58 
1469 3.489 20 58 
1470 3.491 20 58 
1471 3.492 20 58 
1472 3.488 20 58 
1473 3.491 20 58 
1474 3.491 20 58 
1475 3.49 20 58 
1476 3.487 20 58 
1477 3.492 20 58 
1478 3.489 20 58 
1479 3.489 20 58 
1480 3.491 20 58 
1481 3.489 20 58 
1482 3.49 20 58 
1483 3.488 20 59 
1484 3.49 20 59 
1485 3.49 20 59 
1486 3.487 20 59 
1487 3.49 20 59 
1488 3.492 20 59 
1489 3.489 20 59 
1490 3.491 20 59 
1491 3.49 20 59 
1492 3.488 20 60 
1493 3.49 20 60 
1494 3.489 20 59 
1495 3.49 20 59 
1496 3.485 20 61 
1497 3.489 20 61 
1498 3.488 20 61 
1499 3.49 20 59 
1500 3.487 20 60 
1501 3.489 20 60 
1502 3.489 20 61 
1503 3.486 20 61 
1504 3.49 20 61 
1505 3.488 20 61 
1506 3.49 20 61 
1507 3.488 20 61 
1508 3.488 20 61 
1509 3.488 20 62 
1510 3.487 20 62 
1511 3.489 20 62 
1512 3.488 20 62 
1513 3.487 20 61 
1514 3.489 20 62 
1515 3.488 20 62 
1516 3.488 20 62 
1517 3.487 20 62 
1518 3.486 20 62 
1519 3.49 20 62 
1520 3.486 20 62 
1521 3.488 20 62 
1522 3.486 20 62 
1523 3.49 20 62 
1524 3.487 20 63 
1525 3.484 20 63 
1526 3.489 20 63 
1527 3.489 20 63 
1528 3.488 20 62 
1529 3.487 20 63 
1530 3.486 20 62 
1531 3.486 20 63 
1532 3.49 20 63 
1533 3.488 20 63 
1534 3.487 20 63 
1535 3.485 20 63 
1536 3.488 20 63 
1537 3.486 20 63 
1538 3.486 20 63 
1539 3.485 19 63 
1540 3.489 20 63 
1541 3.486 20 63 
1542 3.486 20 63 
1543 3.485 20 63 
1544 3.488 20 63 
1545 3.485 20 63 
1546 3.487 20 63 
1547 3.486 20 63 
1548 3.487 20 63 
1549 3.484 19 63 
1550 3.483 19 63 
1551 3.486 20 63 
1552 3.487 20 63 
1553 3.486 20 63 
1554 3.482 19 63 
1555 3.486 20 63 
1556 3.484 19 63 
1557 3.485 19 63 
1558 3.483 19 63 
1559 3.487 20 63 
1560 3.484 20 63 
1561 3.488 19 63 
1562 3.488 19 63 
1563 3.483 20 63 
1564 3.482 19 63 
1565 3.485 19 63 
1566 3.485 19 63 
1567 3.483 19 63 
1568 3.486 19 63 
1569 3.485 20 63 
1570 3.484 19 63 
1571 3.485 19 63 
1572 3.485 19 63 
1573 3.483 20 63 
1574 3.487 20 63 
1575 3.484 19 63 
1576 3.486 19 63 
1577 3.482 19 63 
1578 3.485 19 63 
1579 3.484 19 63 
1580 3.485 19 63 
1581 3.483 19 63 
1582 3.483 19 63 
1583 3.482 19 63 
1584 3.484 19 63 
1585 3.485 19 64 
1586 3.485 19 63 
1587 3.483 19 63 
1588 3.484 19 63 
1589 3.483 19 63 
1590 3.483 19 63 
1591 3.483 19 63 
1592 3.483 19 63 
1593 3.485 19 63 
1594 3.486 19 63 
1595 3.484 19 63 
1596 3.485 19 63 
1597 3.484 19 64 
1598 3.481 19 63 
1599 3.483 19 64 
1600 3.484 19 64 
1601 3.482 19 64 
1602 3.484 19 64 
1603 3.482 19 63 
1604 3.482 19 61 
1605 3.482 19 63 
1606 3.482 19 64 
1607 3.479 19 63 
1608 3.484 19 63 
1609 3.483 19 63 
1610 3.481 19 63 
1611 3.482 19 64 
1612 3.481 19 64 
1613 3.483 19 63 
1614 3.484 19 63 
1615 3.483 19 63 
1616 3.481 19 63 
1617 3.482 19 63 
1618 3.482 19 63 
1619 3.48 19 63 
1620 3.483 19 63 
1621 3.483 19 63 
1622 3.482 19 63 
1623 3.484 19 63 
1624 3.481 19 63 
1625 3.483 19 63 
1626 3.481 19 63 
1627 3.481 19 63 
1628 3.482 19 63 
1629 3.48 19 63 
1630 3.484 19 63 
1631 3.482 19 63 
1632 3.481 19 63 
1633 3.483 19 63 
1634 3.481 19 63 
1635 3.479 19 63 
1636 3.479 19 63 
1637 3.48 19 63 
1638 3.483 19 63 
1639 3.482 19 63 
1640 3.481 19 63 
1641 3.482 19 63 
1642 3.482 19 63 
1643 3.482 19 63 
1644 3.483 19 63 
1645 3.481 19 63 
1646 3.484 19 63 
1647 3.482 19 63 
1648 3.48 19 63 
1649 3.48 19 63 
1650 3.482 19 63 
1651 3.48 19 63 
1652 3.479 19 63 
1653 3.482 19 63 
1654 3.479 19 63 
1655 3.48 19 63 
1656 3.481 19 63 
1657 3.483 19 63 
1658 3.479 19 63 
1659 3.482 19 63 
1660 3.482 19 63 
1661 3.48 19 63 
1662 3.482 19 62 
1663 3.481 19 62 
1664 3.481 19 62 
1665 3.479 19 62 
1666 3.481 19 62 
1667 3.48 19 62 
1668 3.483 19 62 
1669 3.48 19 62 
1670 3.479 19 62 
1671 3.48 19 62 
1672 3.48 19 62 
1673 3.481 19 62 
1674 3.481 19 62 
1675 3.482 19 62 
1676 3.48 19 62 
1677 3.481 19 62 
1678 3.482 19 62 
1679 3.482 19 62 
1680 3.48 19 62 
1681 3.482 19 62 
1682 3.481 19 62 
1683 3.48 19 62 
1684 3.481 19 62 
1685 3.478 19 62 
1686 3.48 19 62 
1687 3.48 19 51 
1688 3.48 19 62 
1689 3.48 19 63 
1690 3.481 19 63 
1691 3.48 19 62 
1692 3.482 19 62 
1693 3.481 19 62 
1694 3.481 19 62 
1695 3.479 19 62 
1696 3.481 19 62 
1697 3.48 19 62 
1698 3.479 19 62 
1699 3.477 19 62 
1700 3.479 19 62 
1701 3.479 19 62 
1702 3.48 19 62 
1703 3.48 19 62 
1704 3.478 19 62 
1705 3.48 19 62 
1706 3.481 19 62 
1707 3.478 19 62 
1708 3.479 19 62 
1709 3.478 19 62 
1710 3.478 19 63 
1711 3.478 19 62 
1712 3.479 19 63 
1713 3.478 19 63 
1714 3.483 19 63 
1715 3.48 19 63 
1716 3.481 19 62 
1717 3.479 19 62 
1718 3.482 19 63 
1719 3.48 19 62 
1720 3.482 19 63 
1721 3.481 19 63 
1722 3.481 19 63 
1723 3.481 19 63 
1724 3.481 19 63 
1725 3.48 19 63 
1726 3.48 19 63 
1727 3.482 19 63 
1728 3.48 19 63 
1729 3.478 19 63 
1730 3.48 19 63 
1731 3.478 19 63 
1732 3.479 19 63 
1733 3.481 19 63 
1734 3.478 19 63 
1735 3.48 19 63 
1736 3.478 19 63 
1737 3.479 19 63 
1738 3.479 19 63 
1739 3.481 19 63 
1740 3.479 19 63 
1741 3.48 19 63 
1742 3.478 19 63 
1743 3.479 19 63 
1744 3.479 19 63 
1745 3.48 19 63 
1746 3.481 19 63 
1747 3.479 19 63 
1748 3.479 19 63 
1749 3.478 19 63 
1750 3.481 19 63 
1751 3.48 19 63 
1752 3.481 19 63 
1753 3.48 19 63 
1754 3.479 19 63 
1755 3.481 19 63 
1756 3.479 19 63 
1757 3.478 19 63 
1758 3.48 19 63 
1759 3.478 19 63 
1760 3.479 18 64 
1761 3.478 19 63 
1762 3.48 19 63 
1763 3.478 19 63 
1764 3.477 18 64 
1765 3.479 19 63 
1766 3.477 18 64 
1767 3.481 18 64 
1768 3.478 18 64 
1769 3.48 18 64 
1770 3.476 18 64 
1771 3.478 18 64 
1772 3.477 18 64 
1773 3.479 18 64 
1774 3.479 18 64 
1775 3.479 18 64 
1776 3.475 18 64 
1777 3.479 18 64 
1778 3.479 18 64 
1779 3.477 18 64 
1780 3.478 18 64 
1781 3.478 18 64 
1782 3.48 18 64 
1783 3.479 18 64 
1784 3.477 18 64 
1785 3.478 18 64 
1786 3.478 18 64 
1787 3.477 18 64 
1788 3.48 18 64 
1789 3.478 18 64 
1790 3.478 18 64 
1791 3.479 18 64 
1792 3.479 18 64 
1793 3.477 18 64 
1794 3.479 18 64 
1795 3.475 18 64 
1796 3.476 18 64 
1797 3.477 18 64 
1798 3.476 18 64 
1799 3.478 18 64 
1800 3.477 18 64 
1801 3.477 18 64 
1802 3.475 18 64 
1803 3.477 18 64 
1804 3.476 18 64 
1805 3.475 18 64 
1806 3.475 18 64 
1807 3.476 18 64 
1808 3.477 18 64 
1809 3.476 18 64 
1810 3.474 18 64 
1811 3.477 18 64 
1812 3.477 18 64 
1813 3.475 18 64 
1814 3.477 18 64 
1815 3.477 18 64 
1816 3.476 18 64 
1817 3.478 18 64 
1818 3.477 18 64 
1819 3.478 18 64 
1820 3.473 18 64 
1821 3.473 18 64 
1822 3.477 18 64 
1823 3.476 18 64 
1824 3.475 18 64 
1825 3.475 18 64 
1826 3.477 18 64 
1827 3.476 18 64 
1828 3.476 18 64 
1829 3.477 18 64 
1830 3.475 18 64 
1831 3.473 18 64 
1832 3.477 18 64 
1833 3.476 18 64 
1834 3.478 18 64 
1835 3.475 18 64 
1836 3.474 18 64 
1837 3.476 18 64 
1838 3.475 18 64 
1839 3.475 18 64 
1840 3.477 18 64 
1841 3.473 18 64 
1842 3.474 18 64 
1843 3.475 18 64 
1844 3.474 18 63 
1845 3.477 18 59 
1846 3.476 18 63 
1847 3.475 18 64 
1848 3.475 18 64 
1849 3.476 18 64 
1850 3.474 18 64 
1851 3.475 18 64 
1852 3.475 18 64 
1853 3.475 18 64 
1854 3.475 18 64 
1855 3.477 18 64 
1856 3.475 18 64 
1857 3.473 18 64 
1858 3.474 18 64 
1859 3.474 18 64 
1860 3.476 18 64 
1861 3.475 18 64 
1862 3.472 18 64 
1863 3.474 18 64 
1864 3.475 18 64 
1865 3.474 18 64 
1866 3.475 18 64 
1867 3.471 18 64 
1868 3.474 18 64 
1869 3.475 18 64 
1870 3.473 18 64 
1871 3.472 18 64 
1872 3.474 18 64 
1873 3.475 18 64 
1874 3.473 18 64 
1875 3.472 18 64 
1876 3.474 18 64 
1877 3.472 18 64 
1878 3.472 18 64 
1879 3.473 18 64 
1880 3.475 18 64 
1881 3.473 18 64 
1882 3.473 18 64 
1883 3.473 18 64 
1884 3.474 18 64 
1885 3.473 18 64 
1886 3.472 18 64 
1887 3.473 18 64 
1888 3.471 18 64 
1889 3.472 18 64 
1890 3.47 18 64 
1891 3.473 18 64 
1892 3.473 18 64 
1893 3.472 18 64 
1894 3.471 18 64 
1895 3.475 18 64 
1896 3.471 18 64 
1897 3.471 17 64 
1898 3.472 17 64 
1899 3.474 18 64 
1900 3.472 18 64 
1901 3.471 17 64 
1902 3.469 18 64 
1903 3.47 17 64 
1904 3.469 17 64 
1905 3.473 18 64 
1906 3.469 17 64 
1907 3.472 18 64 
1908 3.471 18 64 
1909 3.468 17 64 
1910 3.471 18 64 
1911 3.471 17 64 
1912 3.47 17 64 
1913 3.473 17 64 
1914 3.471 17 64 
1915 3.468 17 64 
1916 3.47 17 64 
1917 3.472 17 64 
1918 3.471 17 64 
1919 3.47 17 64 
1920 3.468 17 64 
1921 3.471 17 64 
1922 3.471 17 64 
1923 3.473 17 64 
1924 3.472 17 64 
1925 3.472 17 64 
1926 3.47 17 64 
1927 3.469 17 64 
1928 3.469 17 64 
1929 3.469 17 64 
1930 3.471 17 64 
1931 3.467 17 64 
1932 3.469 17 64 
1933 3.47 17 64 
1934 3.469 17 64 
1935 3.47 17 64 
1936 3.47 17 64 
1937 3.469 17 64 
1938 3.472 17 64 
1939 3.47 17 64 
1940 3.467 17 64 
1941 3.47 17 64 
1942 3.469 17 64 
1943 3.468 17 64 
1944 3.467 17 64 
1945 3.468 17 64 
1946 3.467 17 64 
1947 3.469 17 64 
1948 3.472 17 64 
1949 3.467 17 64 
1950 3.467 17 64 
1951 3.467 17 64 
1952 3.47 17 64 
1953 3.47 17 64 
1954 3.469 17 64 
1955 3.468 17 64 
1956 3.467 17 64 
1957 3.464 17 64 
1958 3.467 17 64 
1959 3.467 17 64 
1960 3.47 17 64 
1961 3.469 17 64 
1962 3.467 17 64 
1963 3.469 17 64 
1964 3.467 17 64 
1965 3.464 17 64 
1966 3.464 17 64 
1967 3.468 17 64 
1968 3.468 17 64 
1969 3.466 17 64 
1970 3.465 17 64 
1971 3.465 17 64 
1972 3.465 17 64 
1973 3.465 17 64 
1974 3.467 17 64 
1975 3.463 17 64 
1976 3.466 17 64 
1977 3.464 17 64 
1978 3.465 17 64 
1979 3.466 17 64 
1980 3.467 17 64 
1981 3.465 17 64 
1982 3.464 17 64 
1983 3.466 17 64 
1984 3.466 17 64 
1985 3.466 17 64 
1986 3.466 17 64 
1987 3.465 17 64 
1988 3.464 17 64 
1989 3.465 17 64 
1990 3.465 17 64 
1991 3.463 17 64 
1992 3.467 17 64 
1993 3.468 17 65 
1994 3.464 17 65 
1995 3.465 17 64 
1996 3.464 17 64 
1997 3.465 17 64 
1998 3.465 17 64 
1999 3.464 17 65 
2000 3.464 17 64 
2001 3.464 17 64 
2002 3.463 17 64 
2003 3.465 17 64 
2004 3.464 17 64 
2005 3.462 17 65 
2006 3.466 17 65 
2007 3.464 17 65 
2008 3.463 17 65 
2009 3.464 17 65 
2010 3.463 17 65 
2011 3.462 17 65 
2012 3.465 17 65 
2013 3.461 17 65 
2014 3.461 17 65 
2015 3.464 17 65 
2016 3.461 17 65 
2017 3.464 17 65 
2018 3.465 17 65 
2019 3.464 17 65 
2020 3.465 17 65 
2021 3.462 17 65 
2022 3.464 17 65 
2023 3.464 17 65 
2024 3.465 17 65 
2025 3.463 17 65 
2026 3.462 17 65 
2027 3.462 17 65 
2028 3.465 17 65 
2029 3.463 17 65 
2030 3.463 17 65 
2031 3.462 17 65 
2032 3.463 17 65 
2033 3.465 17 65 
2034 3.464 17 65 
2035 3.461 17 65 
2036 3.462 17 65 
2037 3.464 17 65 
2038 3.46 17 65 
2039 3.463 17 65 
2040 3.464 17 65 
2041 3.463 17 65 
2042 3.464 17 65 
2043 3.462 17 65 
2044 3.462 17 65 
2045 3.461 17 65 
2046 3.462 17 65 
2047 3.463 17 65 
2048 3.462 17 65 
2049 3.464 17 65 
2050 3.462 17 65 
2051 3.46 17 65 
2052 3.462 17 65 
2053 3.462 17 65 
2054 3.462 17 65 
2055 3.461 17 65 
2056 3.463 17 65 
2057 3.461 17 65 
2058 3.46 17 65 
2059 3.459 17 65 
2060 3.463 17 65 
2061 3.462 17 65 
2062 3.46 17 65 
2063 3.461 17 65 
2064 3.46 17 65 
2065 3.462 17 65 
2066 3.463 17 65 
2067 3.462 17 65 
2068 3.462 17 65 
2069 3.459 17 65 
2070 3.458 17 65 
2071 3.459 17 65 
2072 3.461 17 65 
2073 3.46 17 65 
2074 3.463 17 65 
2075 3.459 17 65 
2076 3.46 17 65 
2077 3.46 17 65 
2078 3.461 17 65 
2079 3.46 17 65 
2080 3.459 17 65 
2081 3.462 17 65 
2082 3.459 17 65 
2083 3.46 17 65 
2084 3.458 17 65 
2085 3.461 17 64 
2086 3.458 17 63 
2087 3.457 17 64 
2088 3.459 17 65 
2089 3.459 17 65 
2090 3.455 17 66 
2091 3.46 17 65 
2092 3.457 17 65 
2093 3.459 17 66 
2094 3.459 17 65 
2095 3.458 17 65 
2096 3.459 17 65 
2097 3.459 17 65 
2098 3.462 17 65 
2099 3.457 17 65 
2100 3.457 17 65 
2101 3.458 17 65 
2102 3.458 17 65 
2103 3.459 17 65 
2104 3.457 17 65 
2105 3.461 17 66 
2106 3.458 17 65 
2107 3.455 17 65 
2108 3.458 17 65 
2109 3.458 17 65 
2110 3.458 17 65 
2111 3.457 17 65 
2112 3.459 17 65 
2113 3.456 17 65 
2114 3.458 17 65 
2115 3.456 17 65 
2116 3.458 17 65 
2117 3.456 17 65 
2118 3.457 17 65 
2119 3.456 17 65 
2120 3.456 17 65 
2121 3.456 17 65 
2122 3.455 17 65 
2123 3.458 17 65 
2124 3.455 17 65 
2125 3.458 17 65 
2126 3.456 17 65 
2127 3.459 17 65 
2128 3.456 17 65 
2129 3.455 17 65 
2130 3.456 17 65 
2131 3.457 17 65 
2132 3.457 17 65 
2133 3.458 17 65 
2134 3.458 17 66 
2135 3.454 17 65 
2136 3.453 17 65 
2137 3.456 17 65 
2138 3.454 17 66 
2139 3.455 17 65 
2140 3.458 17 65 
2141 3.454 17 66 
2142 3.456 17 66 
2143 3.454 17 66 
2144 3.454 17 66 
2145 3.46 17 66 
2146 3.456 17 65 
2147 3.454 17 65 
2148 3.456 17 65 
2149 3.455 17 65 
2150 3.457 17 65 
2151 3.457 17 65 
2152 3.455 17 65 
2153 3.454 17 65 
2154 3.456 17 65 
2155 3.455 17 65 
2156 3.454 17 65 
2157 3.457 17 65 
2158 3.454 17 65 
2159 3.456 17 65 
2160 3.455 17 65 
2161 3.456 17 65 
2162 3.455 17 65 
2163 3.458 17 65 
2164 3.456 17 65 
2165 3.454 17 66 
2166 3.454 17 65 
2167 3.456 17 66 
2168 3.454 17 65 
2169 3.455 17 66 
2170 3.456 17 66 
2171 3.457 17 66 
2172 3.455 17 66 
2173 3.456 17 66 
2174 3.458 17 66 
2175 3.454 17 66 
2176 3.453 17 66 
2177 3.455 17 66 
2178 3.455 17 66 
2179 3.456 17 66 
2180 3.456 17 66 
2181 3.453 17 66 
2182 3.454 17 66 
2183 3.456 17 66 
2184 3.455 17 66 
2185 3.454 17 66 
2186 3.456 17 66 
2187 3.455 17 66 
2188 3.454 17 66 
2189 3.454 17 66 
2190 3.455 17 66 
2191 3.453 17 66 
2192 3.455 17 66 
2193 3.455 17 66 
2194 3.455 17 66 
2195 3.453 17 66 
2196 3.457 17 66 
2197 3.455 17 66 
2198 3.453 17 66 
2199 3.452 17 66 
2200 3.452 17 66 
2201 3.454 17 66 
2202 3.454 17 66 
2203 3.454 17 66 
2204 3.454 17 66 
2205 3.454 17 66 
2206 3.455 17 66 
2207 3.454 17 66 
2208 3.454 17 66 
2209 3.453 17 66 
2210 3.453 17 66 
2211 3.455 17 66 
2212 3.455 17 66 
2213 3.453 17 66 
2214 3.455 17 66 
2215 3.454 17 66 
2216 3.455 17 66 
2217 3.454 17 66 
2218 3.453 17 66 
2219 3.455 17 66 
2220 3.455 17 65 
2221 3.451 17 66 
2222 3.452 17 66 
2223 3.456 17 66 
2224 3.454 17 65 
2225 3.452 17 66 
2226 3.453 17 66 
2227 3.453 17 66 
2228 3.455 17 66 
2229 3.455 17 65 
2230 3.452 17 65 
2231 3.453 17 65 
2232 3.455 17 65 
2233 3.455 17 65 
2234 3.454 17 65 
2235 3.454 17 65 
2236 3.455 17 65 
2237 3.453 17 65 
2238 3.455 17 65 
2239 3.453 17 65 
2240 3.455 17 66 
2241 3.454 17 65 
2242 3.455 17 65 
2243 3.456 17 66 
2244 3.455 17 65 
2245 3.455 17 66 
2246 3.454 17 66 
2247 3.454 17 66 
2248 3.455 17 65 
2249 3.457 17 66 
2250 3.457 17 66 
2251 3.456 17 65 
2252 3.456 17 65 
2253 3.452 17 65 
2254 3.453 17 65 
2255 3.455 17 65 
2256 3.454 17 66 
2257 3.455 17 66 
2258 3.453 17 66 
2259 3.454 17 65 
2260 3.455 17 66 
2261 3.457 17 66 
2262 3.454 17 66 
2263 3.455 17 65 
2264 3.456 17 66 
2265 3.456 17 66 
2266 3.455 17 66 
2267 3.456 17 66 
2268 3.456 17 66 
2269 3.455 17 66 
2270 3.454 17 66 
2271 3.456 17 66 
2272 3.455 17 66 
2273 3.455 17 66 
2274 3.458 17 66 
2275 3.456 17 66 
2276 3.458 17 66 
2277 3.456 17 66 
2278 3.457 17 66 
2279 3.456 17 66 
2280 3.457 17 66 
2281 3.455 17 66 
2282 3.456 17 66 
2283 3.458 17 66 
2284 3.458 17 66 
2285 3.458 17 66 
2286 3.46 17 66 
2287 3.457 17 66 
2288 3.454 17 66 
2289 3.454 17 66 
2290 3.458 17 65 
2291 3.458 17 66 
2292 3.46 17 66 
2293 3.458 17 66 
2294 3.458 17 66 
2295 3.456 17 66 
2296 3.458 17 66 
2297 3.459 17 66 
2298 3.46 17 66 
2299 3.458 17 66 
2300 3.457 17 66 
2301 3.459 17 65 
2302 3.461 17 66 
2303 3.46 17 66 
2304 3.458 17 66 
2305 3.458 17 66 
2306 3.46 17 66 
2307 3.458 17 66 
2308 3.458 17 66 
2309 3.463 17 66 
2310 3.463 17 66 
2311 3.458 17 66 
2312 3.462 17 66 
2313 3.461 17 66 
2314 3.46 17 66 
2315 3.461 17 66 
2316 3.463 17 66 
2317 3.459 17 66 
2318 3.461 17 66 
2319 3.461 17 66 
2320 3.462 17 66 
2321 3.459 17 66 
2322 3.461 17 66 
2323 3.459 17 66 
2324 3.462 17 66 
2325 3.462 17 65 
2326 3.462 17 64 
2327 3.462 17 65 
2328 3.462 17 66 
2329 3.459 17 67 
2330 3.463 17 67 
2331 3.464 17 67 
2332 3.461 17 67 
2333 3.464 17 67 
2334 3.462 17 67 
2335 3.463 17 67 
2336 3.463 17 67 
2337 3.465 17 67 
2338 3.463 17 67 
2339 3.464 17 67 
2340 3.459 17 67 
2341 3.465 17 67 
2342 3.464 17 67 
2343 3.464 17 67 
2344 3.465 17 67 
2345 3.466 17 67 
2346 3.466 17 67 
2347 3.466 17 67 
2348 3.469 18 67 
2349 3.467 18 67 
2350 3.467 17 67 
2351 3.47 18 67 
2352 3.471 18 67 
2353 3.47 18 67 
2354 3.47 18 67 
2355 3.471 18 67 
2356 3.474 18 67 
2357 3.471 18 67 
2358 3.473 18 67 
2359 3.477 18 67 
2360 3.476 18 67 
2361 3.476 18 67 
2362 3.475 18 67 
2363 3.473 18 67 
2364 3.474 18 67 
2365 3.476 18 67 
2366 3.475 19 66 
2367 3.474 18 67 
2368 3.476 18 67 
2369 3.475 19 66 
2370 3.478 19 66 
2371 3.475 19 66 
2372 3.477 19 66 
2373 3.479 19 66 
2374 3.478 19 66 
2375 3.481 19 66 
2376 3.478 19 66 
2377 3.481 19 66 
2378 3.485 19 66 
2379 3.48 19 66 
2380 3.482 19 66 
2381 3.484 19 66 
2382 3.481 19 66 
2383 3.485 19 66 
2384 3.483 19 66 
2385 3.482 19 66 
2386 3.484 19 66 
2387 3.482 19 65 
2388 3.485 19 65 
2389 3.485 19 65 
2390 3.485 19 65 
2391 3.485 19 65 
2392 3.484 19 65 
2393 3.485 19 65 
2394 3.487 19 65 
2395 3.484 19 65 
2396 3.487 19 64 
2397 3.486 19 64 
2398 3.486 19 64 
2399 3.487 19 64 
2400 3.487 19 64 
2401 3.489 19 64 
2402 3.489 19 64 
2403 3.488 19 64 
2404 3.49 19 64 
2405 3.488 19 64 
2406 3.486 19 64 
2407 3.489 19 64 
2408 3.491 19 64 
2409 3.492 19 64 
2410 3.489 20 64 
2411 3.494 19 64 
2412 3.493 19 64 
2413 3.493 19 64 
2414 3.492 20 64 
2415 3.494 20 64 
2416 3.494 20 64 
2417 3.493 20 65 
2418 3.496 20 65 
2419 3.495 20 65 
2420 3.496 20 65 
2421 3.495 20 65 
2422 3.497 20 65 
2423 3.497 20 65 
2424 3.497 20 65 
2425 3.497 20 65 
2426 3.498 20 65 
2427 3.498 20 65 
2428 3.498 20 65 
2429 3.496 20 65 
2430 3.496 20 65 
2431 3.498 20 65 
2432 3.498 20 65 
2433 3.499 20 65 
2434 3.5 20 65 
2435 3.5 20 65 
2436 3.498 20 65 
2437 3.497 20 65 
2438 3.499 20 65 
2439 3.499 20 65 
2440 3.5 20 64 
2441 3.5 20 65 
2442 3.5 20 65 
2443 3.504 20 65 
2444 3.501 20 65 
2445 3.502 20 65 
2446 3.501 20 65 
2447 3.503 20 65 
2448 3.504 20 65 
2449 3.504 20 65 
2450 3.503 20 65 
2451 3.505 20 65 
2452 3.504 20 65 
2453 3.502 20 65 
2454 3.504 20 65 
2455 3.506 20 65 
2456 3.515 20 65 
2457 3.504 20 65 
2458 3.506 20 65 
2459 3.504 20 65 
2460 3.506 20 65 
2461 3.504 20 65 
2462 3.506 20 65 
2463 3.508 20 65 
2464 3.515 20 65 
2465 3.507 20 65 
2466 3.506 20 65 
2467 3.507 20 65 
2468 3.508 20 65 
2469 3.506 20 65 
2470 3.507 20 65 
2471 3.509 20 65 
2472 3.508 20 65 
2473 3.509 20 65 
2474 3.508 20 65 
2475 3.507 20 65 
2476 3.507 20 65 
2477 3.505 20 65 
2478 3.508 20 65 
2479 3.51 20 65 
2480 3.508 20 65 
2481 3.512 20 65 
2482 3.509 20 65 
2483 3.509 20 65 
2484 3.511 20 65 
2485 3.51 20 66 
2486 3.511 20 66 
2487 3.513 20 65 
2488 3.512 20 66 
2489 3.512 20 66 
2490 3.51 20 66 
2491 3.512 20 66 
2492 3.512 20 66 
2493 3.513 20 66 
2494 3.511 20 66 
2495 3.515 20 66 
2496 3.511 20 66 
2497 3.515 20 66 
2498 3.512 20 66 
2499 3.513 20 66 
2500 3.514 20 66 
2501 3.513 20 66 
2502 3.515 20 66 
2503 3.513 20 66 
2504 3.513 20 66 
2505 3.516 20 66 
2506 3.515 20 66 
2507 3.515 20 66 
2508 3.515 20 66 
2509 3.517 20 66 
2510 3.517 20 66 
2511 3.516 20 66 
2512 3.516 20 66 
2513 3.517 20 66 
2514 3.517 20 66 
2515 3.515 20 66 
2516 3.517 20 66 
2517 3.517 20 66 
2518 3.519 20 66 
2519 3.517 20 66 
2520 3.519 20 66 
2521 3.52 20 66 
2522 3.517 20 66 
2523 3.521 20 66 
2524 3.518 20 66 
2525 3.519 20 66 
2526 3.517 20 66 
2527 3.519 20 66 
2528 3.522 20 66 
2529 3.521 20 66 
2530 3.52 20 66 
2531 3.521 20 66 
2532 3.522 20 66 
2533 3.521 20 66 
2534 3.52 20 66 
2535 3.522 20 66 
2536 3.52 20 66 
2537 3.52 20 66 
2538 3.52 20 66 
2539 3.524 20 66 
2540 3.523 20 66 
2541 3.523 20 66 
2542 3.523 20 66 
2543 3.525 20 66 
2544 3.522 20 66 
2545 3.524 20 66 
2546 3.522 20 66 
2547 3.524 20 66 
2548 3.522 20 66 
2549 3.528 20 66 
2550 3.525 20 66 
2551 3.525 20 65 
2552 3.526 20 65 
2553 3.524 20 66 
2554 3.524 20 66 
2555 3.525 20 66 
2556 3.525 20 66 
2557 3.527 20 66 
2558 3.526 20 66 
2559 3.525 20 66 
2560 3.527 20 66 
2561 3.523 20 66 
2562 3.529 20 66 
2563 3.525 20 66 
2564 3.525 20 66 
2565 3.526 20 66 
2566 3.527 20 65 
2567 3.527 20 64 
2568 3.528 20 64 
2569 3.529 20 66 
2570 3.528 20 66 
2571 3.528 20 66 
2572 3.526 20 66 
2573 3.529 20 66 
2574 3.53 20 66 
2575 3.529 20 66 
2576 3.53 20 66 
2577 3.53 20 66 
2578 3.528 20 66 
2579 3.53 20 66 
2580 3.531 20 66 
2581 3.532 20 66 
2582 3.53 20 66 
2583 3.527 20 66 
2584 3.53 20 66 
2585 3.53 20 66 
2586 3.53 20 66 
2587 3.528 20 66 
2588 3.529 20 66 
2589 3.53 20 66 
2590 3.529 20 66 
2591 3.528 20 66 
2592 3.529 20 66 
2593 3.529 20 66 
2594 3.529 20 66 
2595 3.532 20 66 
2596 3.531 20 66 
2597 3.529 20 66 
2598 3.532 20 66 
2599 3.534 20 66 
2600 3.533 20 66 
2601 3.532 20 66 
2602 3.532 20 66 
2603 3.533 20 66 
2604 3.532 20 66 
2605 3.533 20 66 
2606 3.536 20 66 
2607 3.536 20 66 
2608 3.534 20 66 
2609 3.534 20 66 
2610 3.532 20 66 
2611 3.534 20 66 
2612 3.532 20 66 
2613 3.533 20 66 
2614 3.536 20 64 
2615 3.533 20 63 
2616 3.531 20 63 
2617 3.534 19 63 
2618 3.533 19 63 
2619 3.531 19 62 
2620 3.533 19 63 
2621 3.532 19 63 
2622 3.53 19 62 
2623 3.53 19 63 
2624 3.532 19 63 
2625 3.534 19 63 
2626 3.532 18 64 
2627 3.529 19 63 
2628 3.53 18 64 
2629 3.53 18 64 
2630 3.533 18 65 
2631 3.532 18 65 
2632 3.532 19 64 
2633 3.534 18 65 
2634 3.533 19 64 
2635 3.534 19 64 
2636 3.533 19 64 
2637 3.533 19 64 
2638 3.536 19 64 
2639 3.534 19 64 
2640 3.535 19 64 
2641 3.532 19 64 
2642 3.533 19 64 
2643 3.535 19 64 
2644 3.535 19 64 
2645 3.534 19 64 
2646 3.536 19 64 
2647 3.532 19 64 
2648 3.534 19 64 
2649 3.534 19 64 
2650 3.533 19 65 
2651 3.534 19 62 
2652 3.537 19 65 
2653 3.534 19 65 
2654 3.531 19 65 
2655 3.534 19 65 
2656 3.535 19 65 
2657 3.536 19 65 
2658 3.537 19 65 
2659 3.534 19 65 
2660 3.534 19 65 
2661 3.534 19 65 
2662 3.535 19 65 
2663 3.536 19 65 
2664 3.537 19 65 
2665 3.533 19 65 
2666 3.534 19 65 
2667 3.533 19 65 
2668 3.532 19 65 
2669 3.534 19 65 
2670 3.534 19 65 
2671 3.535 19 65 
2672 3.533 19 65 
2673 3.535 19 66 
2674 3.536 19 66 
2675 3.535 19 66 
2676 3.536 19 66 
2677 3.534 19 66 
2678 3.535 19 66 
2679 3.535 19 66 
2680 3.534 19 66 
2681 3.535 19 66 
2682 3.537 19 66 
2683 3.535 19 66 
2684 3.534 19 66 
2685 3.533 19 66 
2686 3.533 19 66 
2687 3.536 19 66 
2688 3.536 19 66 
2689 3.536 19 66 
2690 3.534 19 66 
2691 3.537 19 66 
2692 3.535 19 66 
2693 3.533 19 66 
2694 3.536 19 66 
2695 3.534 19 66 
2696 3.537 19 66 
2697 3.536 19 66 
2698 3.536 19 66 
2699 3.537 19 66 
2700 3.536 19 66 
2701 3.536 19 66 
2702 3.534 19 66 
2703 3.534 19 66 
2704 3.535 19 66 
2705 3.535 19 66 
2706 3.534 19 66 
2707 3.534 19 66 
2708 3.536 19 66 
2709 3.536 19 66 
2710 3.533 19 66 
2711 3.534 18 67 
2712 3.535 19 66 
2713 3.536 19 66 
2714 3.534 19 66 
2715 3.537 19 66 
2716 3.534 19 66 
2717 3.534 19 66 
2718 3.534 18 67 
2719 3.535 19 66 
2720 3.534 19 66 
2721 3.534 19 66 
2722 3.534 19 66 
2723 3.534 19 66 
2724 3.534 19 66 
2725 3.534 19 66 
2726 3.535 19 66 
2727 3.533 19 66 
2728 3.535 19 66 
2729 3.534 19 66 
2730 3.536 19 66 
2731 3.532 19 66 
2732 3.533 19 66 
2733 3.534 19 66 
2734 3.535 19 66 
2735 3.534 19 66 
2736 3.535 19 66 
2737 3.533 19 66 
2738 3.534 19 66 
2739 3.532 19 66 
2740 3.534 19 66 
2741 3.533 18 67 
2742 3.533 18 67 
2743 3.535 19 66 
2744 3.534 19 66 
2745 3.533 19 66 
2746 3.535 19 66 
2747 3.535 19 66 
2748 3.534 19 66 
2749 3.535 19 66 
2750 3.537 19 66 
2751 3.535 19 66 
2752 3.534 19 66 
2753 3.535 19 66 
2754 3.535 19 66 
2755 3.532 19 66 
2756 3.532 19 66 
2757 3.533 19 66 
2758 3.535 19 66 
2759 3.536 19 66 
2760 3.533 19 66 
2761 3.533 19 66 
2762 3.532 19 66 
2763 3.535 19 66 
2764 3.535 19 66 
2765 3.534 19 66 
2766 3.535 19 66 
2767 3.536 19 66 
2768 3.535 19 66 
2769 3.535 18 67 
2770 3.535 18 67 
2771 3.534 18 67 
2772 3.533 18 67 
2773 3.533 18 67 
2774 3.533 18 67 
2775 3.532 18 67 
2776 3.531 18 67 
2777 3.533 18 67 
2778 3.532 18 67 
2779 3.535 18 67 
2780 3.536 18 67 
2781 3.533 18 67 
2782 3.535 18 67 
2783 3.532 18 67 
2784 3.531 18 67 
2785 3.532 18 67 
2786 3.533 18 67 
2787 3.534 18 67 
2788 3.533 18 67 
2789 3.533 18 67 
2790 3.533 18 67 
2791 3.533 18 67 
2792 3.533 18 67 
2793 3.533 18 67 
2794 3.533 18 67 
2795 3.529 18 67 
2796 3.534 18 67 
2797 3.532 18 67 
2798 3.529 18 67 
2799 3.532 18 67 
2800 3.531 18 67 
2801 3.533 18 67 
2802 3.53 18 67 
2803 3.534 18 67 
2804 3.533 18 67 
2805 3.533 18 67 
2806 3.532 18 67 
2807 3.531 18 67 
2808 3.533 18 66 
2809 3.532 19 62 
2810 3.531 18 67 
2811 3.533 18 67 
2812 3.533 18 67 
2813 3.533 18 67 
2814 3.531 18 67 
2815 3.535 18 67 
2816 3.532 18 67 
2817 3.534 18 67 
2818 3.531 18 67 
2819 3.531 18 67 
2820 3.532 18 67 
2821 3.531 18 67 
2822 3.532 18 67 
2823 3.532 18 67 
2824 3.531 18 67 
2825 3.529 18 67 
2826 3.534 18 67 
2827 3.53 18 67 
2828 3.532 18 67 
2829 3.533 18 67 
2830 3.533 18 67 
2831 3.534 18 67 
2832 3.532 18 68 
2833 3.53 18 67 
2834 3.534 18 67 
2835 3.532 18 68 
2836 3.534 18 67 
2837 3.533 18 67 
2838 3.53 18 67 
2839 3.533 18 68 
2840 3.531 18 68 
2841 3.531 18 68 
2842 3.531 18 68 
2843 3.533 18 68 
2844 3.532 18 68 
2845 3.53 18 68 
2846 3.531 18 68 
2847 3.531 18 68 
2848 3.533 18 68 
2849 3.532 18 68 
2850 3.532 18 68 
2851 3.532 18 68 
2852 3.531 18 68 
2853 3.533 18 68 
