#dt 1s, 0-2-4-0 kg
0.002
0.002
0.001
-0.001
-0.000
0.001
0.001
-0.001
-0.001
-0.001
-0.001
-0.001
-0.002
-0.003
0.002
-0.001
0.003
-0.001
0.000
-0.001
-0.001
-0.002
1.989
1.989
1.991
1.990
1.988
1.989
1.990
1.989
1.992
1.991
1.989
1.988
1.991
1.990
1.988
1.990
1.991
1.990
1.990
1.989
1.990
1.989
1.990
1.991
1.990
1.990
1.991
1.988
1.991
1.990
1.993
1.988
1.989
1.990
1.990
1.987
1.989
1.989
1.990
1.989
1.989
1.990
1.989
1.987
1.989
1.991
1.988
1.988
1.988
1.989
1.990
1.989
1.990
1.989
1.990
1.990
1.991
1.989
1.990
1.990
1.989
1.991
1.990
1.990
1.989
1.989
1.989
1.990
1.990
1.990
1.989
1.992
1.990
1.991
1.988
1.991
1.989
1.990
1.988
1.992
1.991
1.991
1.991
1.992
1.991
1.991
1.989
1.989
1.990
1.990
1.991
1.989
1.989
1.990
1.988
1.990
1.990
1.990
1.991
1.991
1.991
1.990
1.989
1.988
1.991
1.990
1.990
1.991
1.990
1.992
1.991
1.991
1.991
1.990
1.990
1.989
1.990
1.991
1.986
1.991
1.988
2.011
4.025
4.025
4.023
4.023
4.024
4.026
4.026
4.024
4.023
4.022
4.024
4.024
4.023
4.025
4.025
4.022
4.025
4.024
4.026
4.025
4.023
4.025
4.022
4.023
4.022
4.024
4.025
4.025
4.023
4.022
4.023
4.024
4.024
4.023
4.024
4.024
4.022
4.023
4.025
4.024
4.025
4.023
4.023
4.026
4.025
4.023
4.023
4.023
4.026
4.022
4.025
4.023
4.022
4.023
4.024
4.020
4.023
4.022
4.022
4.025
4.023
4.021
4.023
4.025
4.024
4.024
4.026
4.024
4.025
4.023
4.020
4.022
4.021
4.023
4.024
4.024
4.026
4.022
4.023
4.024
4.023
4.020
4.022
4.024
4.023
4.023
4.021
4.022
4.023
4.024
4.023
4.024
4.023
4.023
4.023
4.025
4.023
4.023
4.024
4.023
4.022
4.024
4.024
4.024
4.024
4.020
4.023
4.025
4.044
1.990
1.988
1.988
1.989
2.044
-0.003
-0.002
-0.000
-0.002
-0.001
-0.004
-0.003
-0.002
-0.002
-0.003
-0.003
0.001
